1	632	361	-1
1	617	361	284
1	602	361	-1
1	587	361	280
1	572	361	280
1	557	361	-1
1	542	361	280
1	527	282	280
1	512	282	281
1	497	281	280
1	482	281	281
1	467	285	280
1	452	283	279
1	437	286	279
1	422	285	280
1	407	286	284
1	392	278	284
1	377	278	284
1	362	278	284
1	347	278	284
1	332	278	284
1	317	278	284
1	302	278	284
1	287	278	284
1	272	278	284
1	257	278	284
1	242	278	284
1	227	278	284
1	212	278	284
1	197	278	284
1	182	278	284
1	167	278	284
1	152	278	284
1	137	278	284
1	122	278	284
1	107	278	284
1	92	278	284
1	77	278	284
1	62	278	284
1	47	278	284
1	32	278	284
1	17	278	284
1	2	278	284
1	-12	278	284
1	-27	278	284
1	-42	278	284
1	-57	278	284
1	-72	278	284
1	-87	278	284
1	-102	278	284
1	-117	278	284
1	-132	278	284
1	-147	278	284
1	-162	278	284
1	-177	278	284
1	-192	278	284
1	-207	278	284
1	-222	278	284
1	-237	278	284
1	-252	278	284
1	-267	278	284
1	-282	278	284
1	-297	278	284
1	-312	278	284
1	-327	278	284
1	-342	278	284
1	-357	278	284
1	-372	278	284
1	-387	278	284
1	-402	278	284
1	-417	282	276
1	-432	284	277
1	-447	283	282
1	-462	283	281
1	-477	284	279
1	-492	283	282
1	-507	284	280
1	-522	283	276
1	-537	361	278
1	-552	281	279
1	-567	281	-1
2	632	361	-1
2	617	361	-1
2	602	361	-1
2	587	361	-1
2	572	361	-1
2	557	361	-1
2	542	361	-1
2	527	361	-1
2	512	361	-1
2	497	226	224
2	482	361	222
2	467	223	226
2	452	225	224
2	437	226	224
2	422	227	225
2	407	225	226
2	392	229	220
2	377	222	227
2	362	222	227
2	347	222	227
2	332	222	227
2	317	222	227
2	302	222	227
2	287	222	227
2	272	222	227
2	257	222	227
2	242	222	227
2	227	222	227
2	212	222	227
2	197	222	227
2	182	222	227
2	167	222	227
2	152	222	227
2	137	222	227
2	122	222	227
2	107	222	227
2	92	222	227
2	77	222	227
2	62	222	227
2	47	222	227
2	32	222	227
2	17	222	227
2	2	222	227
2	-12	222	227
2	-27	222	227
2	-42	222	227
2	-57	222	227
2	-72	222	227
2	-87	222	227
2	-102	222	227
2	-117	222	227
2	-132	222	227
2	-147	222	227
2	-162	222	227
2	-177	222	227
2	-192	222	227
2	-207	222	227
2	-222	222	227
2	-237	222	227
2	-252	222	227
2	-267	222	227
2	-282	222	227
2	-297	222	227
2	-312	222	227
2	-327	222	227
2	-342	222	227
2	-357	222	227
2	-372	222	227
2	-387	229	221
2	-402	227	221
2	-417	222	222
2	-432	227	225
2	-447	226	225
2	-462	225	224
2	-477	361	-1
2	-492	361	-1
2	-507	361	225
2	-522	361	-1
2	-537	361	-1
2	-552	361	-1
2	-567	361	-1
3	632	361	-1
3	617	361	-1
3	602	361	-1
3	587	361	-1
3	572	361	-1
3	557	361	-1
3	542	361	-1
3	527	361	-1
3	512	361	-1
3	497	361	-1
3	482	361	-1
3	467	361	-1
3	452	361	-1
3	437	169	-1
3	422	361	169
3	407	170	168
3	392	169	167
3	377	172	168
3	362	172	170
3	347	167	170
3	332	167	170
3	317	167	170
3	302	167	170
3	287	167	170
3	272	167	170
3	257	167	170
3	242	167	170
3	227	167	170
3	212	167	170
3	197	167	170
3	182	167	170
3	167	167	170
3	152	167	170
3	137	167	170
3	122	167	170
3	107	167	170
3	92	167	170
3	77	167	170
3	62	167	170
3	47	167	170
3	32	167	170
3	17	167	170
3	2	167	170
3	-12	167	170
3	-27	167	170
3	-42	167	170
3	-57	167	170
3	-72	167	170
3	-87	167	170
3	-102	167	170
3	-117	167	170
3	-132	167	170
3	-147	167	170
3	-162	167	170
3	-177	167	170
3	-192	167	170
3	-207	167	170
3	-222	167	170
3	-237	167	170
3	-252	167	170
3	-267	167	170
3	-282	167	170
3	-297	167	170
3	-312	167	170
3	-327	167	170
3	-342	167	170
3	-357	167	165
3	-372	168	165
3	-387	167	169
3	-402	169	169
3	-417	361	167
3	-432	361	-1
3	-447	361	-1
3	-462	361	-1
3	-477	361	-1
3	-492	361	-1
3	-507	361	-1
3	-522	361	-1
3	-537	361	-1
3	-552	361	-1
3	-567	361	-1
4	632	361	-1
4	617	361	-1
4	602	361	-1
4	587	361	-1
4	572	361	-1
4	557	361	-1
4	542	361	-1
4	527	361	-1
4	512	361	-1
4	497	361	-1
4	482	361	-1
4	467	361	-1
4	452	361	-1
4	437	361	-1
4	422	361	-1
4	407	361	-1
4	392	361	-1
4	377	361	123
4	362	127	125
4	347	126	124
4	332	125	128
4	317	125	128
4	302	125	128
4	287	125	128
4	272	125	128
4	257	125	128
4	242	125	128
4	227	125	128
4	212	125	128
4	197	125	128
4	182	125	128
4	167	125	128
4	152	125	128
4	137	125	128
4	122	125	128
4	107	125	128
4	92	125	128
4	77	125	128
4	62	125	128
4	47	125	128
4	32	125	128
4	17	125	128
4	2	125	128
4	-12	125	128
4	-27	125	128
4	-42	125	128
4	-57	125	128
4	-72	125	128
4	-87	125	128
4	-102	125	128
4	-117	125	128
4	-132	125	128
4	-147	125	128
4	-162	125	128
4	-177	125	128
4	-192	125	128
4	-207	125	128
4	-222	125	128
4	-237	125	128
4	-252	125	128
4	-267	125	128
4	-282	125	128
4	-297	125	128
4	-312	125	128
4	-327	125	128
4	-342	126	127
4	-357	125	127
4	-372	128	126
4	-387	126	-1
4	-402	128	-1
4	-417	361	-1
4	-432	361	-1
4	-447	361	-1
4	-462	361	-1
4	-477	361	-1
4	-492	361	-1
4	-507	361	-1
4	-522	361	-1
4	-537	361	-1
4	-552	361	-1
4	-567	361	-1
5	632	361	-1
5	617	361	-1
5	602	361	-1
5	587	361	-1
5	572	361	-1
5	557	361	-1
5	542	361	-1
5	527	361	-1
5	512	361	-1
5	497	361	-1
5	482	361	-1
5	467	361	-1
5	452	361	-1
5	437	361	-1
5	422	361	-1
5	407	361	-1
5	392	361	-1
5	377	361	98
5	362	97	-1
5	347	101	96
5	332	101	96
5	317	97	99
5	302	97	99
5	287	98	99
5	272	98	99
5	257	97	99
5	242	98	99
5	227	98	99
5	212	97	99
5	197	101	99
5	182	97	99
5	167	98	99
5	152	98	99
5	137	97	99
5	122	101	99
5	107	97	99
5	92	98	99
5	77	97	99
5	62	101	99
5	47	101	99
5	32	101	99
5	17	98	99
5	2	98	99
5	-12	98	99
5	-27	97	99
5	-42	101	99
5	-57	98	99
5	-72	98	99
5	-87	101	99
5	-102	98	99
5	-117	98	99
5	-132	98	99
5	-147	98	99
5	-162	98	99
5	-177	98	99
5	-192	97	99
5	-207	98	99
5	-222	98	99
5	-237	98	99
5	-252	99	99
5	-267	97	99
5	-282	98	99
5	-297	98	99
5	-312	98	99
5	-327	98	99
5	-342	99	97
5	-357	361	-1
5	-372	99	-1
5	-387	361	-1
5	-402	361	-1
5	-417	361	-1
5	-432	361	-1
5	-447	361	-1
5	-462	361	-1
5	-477	361	-1
5	-492	361	-1
5	-507	361	-1
5	-522	361	-1
5	-537	361	-1
5	-552	361	-1
5	-567	361	-1
6	632	361	-1
6	617	361	-1
6	602	361	-1
6	587	361	-1
6	572	361	-1
6	557	361	-1
6	542	361	-1
6	527	361	-1
6	512	361	-1
6	497	361	-1
6	482	361	-1
6	467	361	-1
6	452	361	-1
6	437	361	-1
6	422	361	-1
6	407	361	-1
6	392	361	-1
6	377	361	-1
6	362	361	-1
6	347	361	79
6	332	80	80
6	317	80	78
6	302	80	81
6	287	80	81
6	272	80	81
6	257	80	81
6	242	80	81
6	227	80	81
6	212	80	81
6	197	80	81
6	182	80	81
6	167	80	81
6	152	80	81
6	137	80	81
6	122	80	81
6	107	80	81
6	92	80	81
6	77	80	81
6	62	80	81
6	47	80	81
6	32	80	81
6	17	80	81
6	2	80	81
6	-12	80	81
6	-27	80	81
6	-42	80	81
6	-57	80	81
6	-72	80	81
6	-87	80	81
6	-102	80	81
6	-117	80	81
6	-132	80	81
6	-147	80	81
6	-162	80	81
6	-177	80	81
6	-192	80	81
6	-207	80	81
6	-222	80	81
6	-237	80	81
6	-252	80	81
6	-267	80	81
6	-282	80	81
6	-297	80	81
6	-312	80	81
6	-327	81	79
6	-342	361	79
6	-357	361	-1
6	-372	361	-1
6	-387	361	-1
6	-402	361	-1
6	-417	361	-1
6	-432	361	-1
6	-447	361	-1
6	-462	361	-1
6	-477	361	-1
6	-492	361	-1
6	-507	361	-1
6	-522	361	-1
6	-537	361	-1
6	-552	361	-1
6	-567	361	-1
7	632	361	-1
7	617	361	-1
7	602	361	-1
7	587	361	-1
7	572	361	-1
7	557	361	-1
7	542	361	-1
7	527	361	-1
7	512	361	-1
7	497	361	-1
7	482	361	-1
7	467	361	-1
7	452	361	-1
7	437	361	-1
7	422	361	-1
7	407	361	-1
7	392	361	-1
7	377	361	-1
7	362	70	-1
7	347	361	-1
7	332	361	68
7	317	68	69
7	302	68	69
7	287	68	69
7	272	68	69
7	257	68	69
7	242	68	69
7	227	68	69
7	212	68	69
7	197	68	69
7	182	68	69
7	167	68	69
7	152	68	69
7	137	68	69
7	122	68	69
7	107	68	69
7	92	68	69
7	77	68	69
7	62	68	69
7	47	68	69
7	32	68	69
7	17	68	69
7	2	68	69
7	-12	68	69
7	-27	68	69
7	-42	68	69
7	-57	68	69
7	-72	68	69
7	-87	68	69
7	-102	68	69
7	-117	68	69
7	-132	68	69
7	-147	68	69
7	-162	68	69
7	-177	68	69
7	-192	68	69
7	-207	68	69
7	-222	68	69
7	-237	68	69
7	-252	68	69
7	-267	68	69
7	-282	68	69
7	-297	68	69
7	-312	68	66
7	-327	70	68
7	-342	361	-1
7	-357	361	-1
7	-372	361	-1
7	-387	361	-1
7	-402	361	-1
7	-417	361	-1
7	-432	361	-1
7	-447	361	-1
7	-462	361	-1
7	-477	361	-1
7	-492	361	-1
7	-507	361	-1
7	-522	361	-1
7	-537	361	-1
7	-552	361	-1
7	-567	361	-1
8	632	361	-1
8	617	361	-1
8	602	361	-1
8	587	361	-1
8	572	361	-1
8	557	361	-1
8	542	361	-1
8	527	361	-1
8	512	361	-1
8	497	361	-1
8	482	361	-1
8	467	361	-1
8	452	361	-1
8	437	361	-1
8	422	361	-1
8	407	361	-1
8	392	361	-1
8	377	361	-1
8	362	361	-1
8	347	361	-1
8	332	361	-1
8	317	63	62
8	302	61	62
8	287	61	62
8	272	61	62
8	257	61	62
8	242	61	62
8	227	61	62
8	212	61	62
8	197	61	59
8	182	61	62
8	167	61	62
8	152	61	62
8	137	61	62
8	122	61	62
8	107	61	62
8	92	61	62
8	77	61	62
8	62	61	62
8	47	61	62
8	32	61	62
8	17	61	62
8	2	61	62
8	-12	61	62
8	-27	61	62
8	-42	61	62
8	-57	61	62
8	-72	61	62
8	-87	61	62
8	-102	61	62
8	-117	61	62
8	-132	61	62
8	-147	61	62
8	-162	61	62
8	-177	61	62
8	-192	61	62
8	-207	61	62
8	-222	61	62
8	-237	61	62
8	-252	61	62
8	-267	61	62
8	-282	61	62
8	-297	61	62
8	-312	62	59
8	-327	361	60
8	-342	361	-1
8	-357	361	-1
8	-372	361	-1
8	-387	361	-1
8	-402	361	-1
8	-417	361	-1
8	-432	361	-1
8	-447	361	-1
8	-462	361	-1
8	-477	361	-1
8	-492	361	-1
8	-507	361	-1
8	-522	361	-1
8	-537	361	-1
8	-552	361	-1
8	-567	361	-1
9	632	361	-1
9	617	361	-1
9	602	361	-1
9	587	361	-1
9	572	361	-1
9	557	361	-1
9	542	361	-1
9	527	361	-1
9	512	361	-1
9	497	361	-1
9	482	361	-1
9	467	361	-1
9	452	361	-1
9	437	361	-1
9	422	361	-1
9	407	361	-1
9	392	361	-1
9	377	361	-1
9	362	361	-1
9	347	361	-1
9	332	361	54
9	317	57	53
9	302	55	56
9	287	55	56
9	272	55	56
9	257	55	56
9	242	55	56
9	227	55	56
9	212	55	56
9	197	55	56
9	182	55	56
9	167	55	56
9	152	55	56
9	137	55	56
9	122	55	56
9	107	55	56
9	92	55	56
9	77	55	56
9	62	55	56
9	47	55	56
9	32	55	56
9	17	55	56
9	2	55	56
9	-12	55	56
9	-27	55	56
9	-42	55	56
9	-57	55	56
9	-72	55	56
9	-87	55	56
9	-102	55	56
9	-117	55	56
9	-132	55	56
9	-147	55	56
9	-162	55	56
9	-177	55	56
9	-192	55	56
9	-207	55	56
9	-222	55	56
9	-237	55	56
9	-252	55	56
9	-267	55	56
9	-282	55	56
9	-297	55	56
9	-312	58	56
9	-327	56	-1
9	-342	361	54
9	-357	361	-1
9	-372	361	-1
9	-387	361	-1
9	-402	361	-1
9	-417	361	-1
9	-432	361	-1
9	-447	361	-1
9	-462	361	-1
9	-477	361	-1
9	-492	361	-1
9	-507	361	-1
9	-522	361	-1
9	-537	361	-1
9	-552	361	-1
9	-567	361	-1
10	632	361	-1
10	617	361	-1
10	602	361	-1
10	587	361	-1
10	572	361	-1
10	557	361	-1
10	542	361	-1
10	527	361	-1
10	512	361	-1
10	497	361	-1
10	482	361	-1
10	467	361	-1
10	452	361	-1
10	437	361	-1
10	422	361	-1
10	407	361	-1
10	392	361	-1
10	377	361	-1
10	362	361	-1
10	347	361	-1
10	332	361	-1
10	317	51	49
10	302	53	49
10	287	53	49
10	272	53	49
10	257	53	49
10	242	53	49
10	227	53	49
10	212	53	49
10	197	53	49
10	182	53	49
10	167	53	49
10	152	53	49
10	137	53	49
10	122	53	49
10	107	53	49
10	92	53	49
10	77	53	49
10	62	53	49
10	47	53	49
10	32	53	49
10	17	53	49
10	2	53	49
10	-12	53	49
10	-27	53	49
10	-42	53	49
10	-57	53	49
10	-72	53	49
10	-87	53	49
10	-102	53	49
10	-117	53	49
10	-132	53	49
10	-147	53	49
10	-162	53	49
10	-177	53	49
10	-192	53	49
10	-207	53	49
10	-222	53	49
10	-237	53	49
10	-252	53	49
10	-267	53	49
10	-282	53	49
10	-297	53	49
10	-312	53	50
10	-327	361	-1
10	-342	361	-1
10	-357	361	-1
10	-372	361	-1
10	-387	361	-1
10	-402	361	-1
10	-417	361	-1
10	-432	361	-1
10	-447	361	-1
10	-462	361	-1
10	-477	361	-1
10	-492	361	-1
10	-507	361	-1
10	-522	361	-1
10	-537	361	-1
10	-552	361	-1
10	-567	361	-1
11	632	361	-1
11	617	361	-1
11	602	361	-1
11	587	361	-1
11	572	361	-1
11	557	361	-1
11	542	361	-1
11	527	361	-1
11	512	361	-1
11	497	361	-1
11	482	361	-1
11	467	361	-1
11	452	361	-1
11	437	361	-1
11	422	361	-1
11	407	361	-1
11	392	361	-1
11	377	361	-1
11	362	361	-1
11	347	361	-1
11	332	361	-1
11	317	361	46
11	302	49	45
11	287	49	45
11	272	49	45
11	257	49	45
11	242	49	45
11	227	49	45
11	212	49	45
11	197	49	45
11	182	49	45
11	167	49	45
11	152	49	45
11	137	49	45
11	122	49	45
11	107	49	45
11	92	49	45
11	77	49	45
11	62	49	45
11	47	49	45
11	32	49	45
11	17	49	45
11	2	49	45
11	-12	49	45
11	-27	49	45
11	-42	49	45
11	-57	49	45
11	-72	49	45
11	-87	49	45
11	-102	49	45
11	-117	49	45
11	-132	49	45
11	-147	49	45
11	-162	49	45
11	-177	49	45
11	-192	49	45
11	-207	49	45
11	-222	49	45
11	-237	49	45
11	-252	49	45
11	-267	49	45
11	-282	49	45
11	-297	49	45
11	-312	48	45
11	-327	361	46
11	-342	361	-1
11	-357	361	-1
11	-372	361	-1
11	-387	361	-1
11	-402	361	-1
11	-417	361	-1
11	-432	361	-1
11	-447	361	-1
11	-462	361	-1
11	-477	361	-1
11	-492	361	-1
11	-507	361	-1
11	-522	361	-1
11	-537	361	-1
11	-552	361	-1
11	-567	361	-1
12	632	361	-1
12	617	361	-1
12	602	361	-1
12	587	361	-1
12	572	361	-1
12	557	361	-1
12	542	361	-1
12	527	361	-1
12	512	361	-1
12	497	361	-1
12	482	361	-1
12	467	361	-1
12	452	361	-1
12	437	361	-1
12	422	361	-1
12	407	361	-1
12	392	361	-1
12	377	361	-1
12	362	361	-1
12	347	361	-1
12	332	361	-1
12	317	43	-1
12	302	43	43
12	287	43	44
12	272	43	44
12	257	43	44
12	242	43	44
12	227	43	44
12	212	43	42
12	197	43	41
12	182	43	44
12	167	43	44
12	152	43	44
12	137	43	44
12	122	43	44
12	107	43	44
12	92	43	44
12	77	43	44
12	62	43	44
12	47	43	44
12	32	43	44
12	17	43	44
12	2	43	44
12	-12	43	44
12	-27	43	44
12	-42	43	44
12	-57	43	44
12	-72	43	44
12	-87	43	44
12	-102	43	44
12	-117	43	44
12	-132	43	44
12	-147	43	44
12	-162	43	44
12	-177	43	44
12	-192	43	44
12	-207	43	44
12	-222	43	44
12	-237	43	44
12	-252	43	44
12	-267	43	44
12	-282	43	44
12	-297	43	44
12	-312	361	42
12	-327	361	-1
12	-342	361	-1
12	-357	361	-1
12	-372	361	-1
12	-387	361	-1
12	-402	361	-1
12	-417	361	-1
12	-432	361	-1
12	-447	361	-1
12	-462	361	-1
12	-477	361	-1
12	-492	361	-1
12	-507	361	-1
12	-522	361	-1
12	-537	361	-1
12	-552	361	-1
12	-567	361	-1
13	632	361	-1
13	617	361	-1
13	602	361	-1
13	587	361	-1
13	572	361	-1
13	557	361	-1
13	542	361	-1
13	527	361	-1
13	512	361	-1
13	497	361	-1
13	482	361	-1
13	467	361	-1
13	452	361	-1
13	437	361	-1
13	422	361	-1
13	407	361	-1
13	392	361	-1
13	377	361	-1
13	362	361	-1
13	347	361	-1
13	332	361	-1
13	317	361	40
13	302	43	39
13	287	43	39
13	272	43	39
13	257	43	39
13	242	43	39
13	227	43	39
13	212	43	39
13	197	43	39
13	182	43	39
13	167	43	39
13	152	43	39
13	137	43	39
13	122	43	39
13	107	43	39
13	92	43	39
13	77	43	39
13	62	43	39
13	47	43	39
13	32	43	39
13	17	43	39
13	2	43	39
13	-12	43	39
13	-27	43	39
13	-42	43	39
13	-57	43	39
13	-72	43	39
13	-87	43	39
13	-102	43	39
13	-117	43	39
13	-132	43	39
13	-147	43	39
13	-162	43	39
13	-177	43	39
13	-192	43	39
13	-207	43	39
13	-222	43	39
13	-237	43	39
13	-252	43	39
13	-267	43	39
13	-282	43	39
13	-297	43	39
13	-312	361	-1
13	-327	361	-1
13	-342	361	-1
13	-357	361	-1
13	-372	361	-1
13	-387	361	-1
13	-402	361	-1
13	-417	361	-1
13	-432	361	-1
13	-447	361	-1
13	-462	361	-1
13	-477	361	-1
13	-492	361	-1
13	-507	361	-1
13	-522	361	-1
13	-537	361	-1
13	-552	361	-1
13	-567	361	-1
14	632	361	-1
14	617	361	-1
14	602	361	-1
14	587	361	-1
14	572	361	-1
14	557	361	-1
14	542	361	-1
14	527	361	-1
14	512	361	-1
14	497	361	-1
14	482	361	-1
14	467	361	-1
14	452	361	-1
14	437	361	-1
14	422	361	-1
14	407	361	-1
14	392	361	-1
14	377	361	-1
14	362	361	-1
14	347	361	-1
14	332	361	-1
14	317	361	-1
14	302	40	36
14	287	40	36
14	272	40	36
14	257	40	36
14	242	40	36
14	227	40	36
14	212	40	36
14	197	40	36
14	182	40	36
14	167	40	36
14	152	40	36
14	137	40	36
14	122	40	36
14	107	40	36
14	92	40	36
14	77	40	36
14	62	40	36
14	47	40	36
14	32	40	36
14	17	40	36
14	2	40	36
14	-12	40	36
14	-27	40	36
14	-42	40	36
14	-57	40	36
14	-72	40	36
14	-87	40	36
14	-102	40	36
14	-117	40	36
14	-132	40	36
14	-147	40	36
14	-162	40	36
14	-177	40	36
14	-192	40	36
14	-207	40	36
14	-222	40	36
14	-237	40	36
14	-252	40	36
14	-267	40	36
14	-282	40	36
14	-297	40	36
14	-312	39	-1
14	-327	361	-1
14	-342	361	-1
14	-357	361	-1
14	-372	361	-1
14	-387	361	-1
14	-402	361	-1
14	-417	361	-1
14	-432	361	-1
14	-447	361	-1
14	-462	361	-1
14	-477	361	-1
14	-492	361	-1
14	-507	361	-1
14	-522	361	-1
14	-537	361	-1
14	-552	361	-1
14	-567	361	-1
15	632	361	-1
15	617	361	-1
15	602	361	-1
15	587	361	-1
15	572	361	-1
15	557	361	-1
15	542	361	-1
15	527	361	-1
15	512	361	-1
15	497	361	-1
15	482	361	-1
15	467	361	-1
15	452	361	-1
15	437	361	-1
15	422	361	-1
15	407	361	-1
15	392	361	-1
15	377	361	-1
15	362	361	-1
15	347	361	-1
15	332	361	-1
15	317	361	-1
15	302	38	34
15	287	38	34
15	272	38	34
15	257	38	34
15	242	38	34
15	227	38	34
15	212	38	34
15	197	38	34
15	182	38	34
15	167	38	34
15	152	38	34
15	137	38	34
15	122	38	34
15	107	38	34
15	92	38	34
15	77	38	34
15	62	38	34
15	47	38	34
15	32	38	34
15	17	38	34
15	2	38	34
15	-12	38	34
15	-27	38	34
15	-42	38	34
15	-57	38	34
15	-72	38	34
15	-87	38	34
15	-102	38	34
15	-117	38	34
15	-132	38	34
15	-147	38	34
15	-162	38	34
15	-177	38	34
15	-192	38	34
15	-207	38	34
15	-222	38	34
15	-237	38	34
15	-252	38	34
15	-267	38	34
15	-282	38	34
15	-297	38	34
15	-312	36	-1
15	-327	361	-1
15	-342	361	-1
15	-357	361	-1
15	-372	361	-1
15	-387	361	-1
15	-402	361	-1
15	-417	361	-1
15	-432	361	-1
15	-447	361	-1
15	-462	361	-1
15	-477	361	-1
15	-492	361	-1
15	-507	361	-1
15	-522	361	-1
15	-537	361	-1
15	-552	361	-1
15	-567	361	-1
16	632	361	-1
16	617	361	-1
16	602	361	-1
16	587	361	-1
16	572	361	-1
16	557	361	-1
16	542	361	-1
16	527	361	-1
16	512	361	-1
16	497	361	-1
16	482	361	-1
16	467	361	-1
16	452	361	-1
16	437	361	-1
16	422	361	-1
16	407	361	-1
16	392	361	-1
16	377	361	-1
16	362	361	-1
16	347	361	-1
16	332	361	-1
16	317	361	-1
16	302	35	32
16	287	36	32
16	272	36	32
16	257	36	32
16	242	36	32
16	227	36	32
16	212	36	32
16	197	36	32
16	182	36	32
16	167	36	32
16	152	36	32
16	137	36	32
16	122	36	32
16	107	36	32
16	92	36	32
16	77	36	32
16	62	36	32
16	47	36	32
16	32	36	32
16	17	36	32
16	2	36	32
16	-12	36	32
16	-27	36	32
16	-42	36	32
16	-57	36	32
16	-72	36	32
16	-87	36	32
16	-102	36	32
16	-117	36	32
16	-132	36	32
16	-147	36	32
16	-162	36	32
16	-177	36	32
16	-192	36	32
16	-207	36	32
16	-222	36	32
16	-237	36	32
16	-252	36	32
16	-267	36	32
16	-282	36	32
16	-297	36	32
16	-312	361	-1
16	-327	361	-1
16	-342	361	-1
16	-357	361	-1
16	-372	361	-1
16	-387	361	-1
16	-402	361	-1
16	-417	361	-1
16	-432	361	-1
16	-447	361	-1
16	-462	361	-1
16	-477	361	-1
16	-492	361	-1
16	-507	361	-1
16	-522	361	-1
16	-537	361	-1
16	-552	361	-1
16	-567	361	-1
17	632	361	-1
17	617	361	-1
17	602	361	-1
17	587	361	-1
17	572	361	-1
17	557	361	-1
17	542	361	-1
17	527	361	-1
17	512	361	-1
17	497	361	-1
17	482	361	-1
17	467	361	-1
17	452	361	-1
17	437	361	-1
17	422	361	-1
17	407	361	-1
17	392	361	-1
17	377	361	-1
17	362	361	-1
17	347	361	-1
17	332	361	-1
17	317	361	-1
17	302	34	31
17	287	34	30
17	272	34	30
17	257	34	30
17	242	34	30
17	227	34	30
17	212	34	30
17	197	34	30
17	182	34	30
17	167	34	30
17	152	34	30
17	137	34	30
17	122	34	30
17	107	34	30
17	92	34	30
17	77	34	30
17	62	34	30
17	47	34	30
17	32	34	30
17	17	34	30
17	2	34	30
17	-12	34	30
17	-27	34	30
17	-42	34	30
17	-57	34	30
17	-72	34	30
17	-87	34	30
17	-102	34	30
17	-117	34	30
17	-132	34	30
17	-147	34	30
17	-162	34	30
17	-177	34	30
17	-192	34	30
17	-207	34	30
17	-222	34	30
17	-237	34	30
17	-252	34	30
17	-267	34	30
17	-282	34	30
17	-297	34	30
17	-312	32	-1
17	-327	361	-1
17	-342	361	-1
17	-357	361	-1
17	-372	361	-1
17	-387	361	-1
17	-402	361	-1
17	-417	361	-1
17	-432	361	-1
17	-447	361	-1
17	-462	361	-1
17	-477	361	-1
17	-492	361	-1
17	-507	361	-1
17	-522	361	-1
17	-537	361	-1
17	-552	361	-1
17	-567	361	-1
18	632	361	-1
18	617	361	-1
18	602	361	-1
18	587	361	-1
18	572	361	-1
18	557	361	-1
18	542	361	-1
18	527	361	-1
18	512	361	-1
18	497	361	-1
18	482	361	-1
18	467	361	-1
18	452	361	-1
18	437	361	-1
18	422	361	-1
18	407	361	-1
18	392	361	-1
18	377	361	-1
18	362	361	-1
18	347	361	-1
18	332	361	-1
18	317	361	-1
18	302	361	31
18	287	30	31
18	272	30	31
18	257	30	31
18	242	30	31
18	227	33	31
18	212	30	31
18	197	30	29
18	182	33	29
18	167	33	29
18	152	30	31
18	137	33	29
18	122	30	31
18	107	33	31
18	92	33	29
18	77	30	29
18	62	30	29
18	47	30	31
18	32	30	31
18	17	30	31
18	2	33	29
18	-12	33	31
18	-27	33	31
18	-42	30	31
18	-57	30	31
18	-72	30	30
18	-87	30	29
18	-102	30	29
18	-117	33	28
18	-132	30	30
18	-147	30	29
18	-162	33	28
18	-177	30	31
18	-192	33	29
18	-207	30	29
18	-222	33	29
18	-237	30	29
18	-252	33	31
18	-267	33	30
18	-282	30	31
18	-297	30	29
18	-312	361	-1
18	-327	361	-1
18	-342	361	-1
18	-357	361	-1
18	-372	361	-1
18	-387	361	-1
18	-402	361	-1
18	-417	361	-1
18	-432	361	-1
18	-447	361	-1
18	-462	361	-1
18	-477	361	-1
18	-492	361	-1
18	-507	361	-1
18	-522	361	-1
18	-537	361	-1
18	-552	361	-1
18	-567	361	-1
19	632	361	-1
19	617	361	-1
19	602	361	-1
19	587	361	-1
19	572	361	-1
19	557	361	-1
19	542	361	-1
19	527	361	-1
19	512	361	-1
19	497	361	-1
19	482	361	-1
19	467	361	-1
19	452	361	-1
19	437	361	-1
19	422	361	-1
19	407	361	-1
19	392	361	-1
19	377	361	-1
19	362	361	-1
19	347	361	-1
19	332	361	-1
19	317	361	-1
19	302	30	27
19	287	31	27
19	272	31	27
19	257	31	27
19	242	31	27
19	227	31	27
19	212	31	27
19	197	31	27
19	182	31	27
19	167	31	27
19	152	31	27
19	137	31	27
19	122	31	27
19	107	31	27
19	92	31	27
19	77	31	27
19	62	31	27
19	47	31	27
19	32	31	27
19	17	31	27
19	2	31	27
19	-12	31	27
19	-27	31	27
19	-42	31	27
19	-57	31	27
19	-72	31	27
19	-87	31	27
19	-102	31	27
19	-117	31	27
19	-132	31	27
19	-147	31	27
19	-162	31	27
19	-177	31	27
19	-192	31	27
19	-207	31	27
19	-222	31	27
19	-237	31	27
19	-252	31	27
19	-267	31	27
19	-282	31	27
19	-297	30	27
19	-312	30	-1
19	-327	361	-1
19	-342	361	-1
19	-357	361	-1
19	-372	361	-1
19	-387	361	-1
19	-402	361	-1
19	-417	361	-1
19	-432	361	-1
19	-447	361	-1
19	-462	361	-1
19	-477	361	-1
19	-492	361	-1
19	-507	361	-1
19	-522	361	-1
19	-537	361	-1
19	-552	361	-1
19	-567	361	-1
20	632	361	-1
20	617	361	-1
20	602	361	-1
20	587	361	-1
20	572	361	-1
20	557	361	-1
20	542	361	-1
20	527	361	-1
20	512	361	-1
20	497	361	-1
20	482	361	-1
20	467	361	-1
20	452	361	-1
20	437	361	-1
20	422	361	-1
20	407	361	-1
20	392	361	-1
20	377	361	-1
20	362	361	-1
20	347	361	-1
20	332	361	-1
20	317	361	-1
20	302	30	27
20	287	30	26
20	272	30	26
20	257	30	26
20	242	30	26
20	227	30	26
20	212	30	26
20	197	30	26
20	182	30	26
20	167	30	26
20	152	30	26
20	137	30	26
20	122	30	26
20	107	30	26
20	92	30	26
20	77	30	26
20	62	30	26
20	47	30	26
20	32	30	26
20	17	30	26
20	2	30	26
20	-12	30	26
20	-27	30	26
20	-42	30	26
20	-57	30	26
20	-72	30	26
20	-87	30	26
20	-102	30	26
20	-117	30	26
20	-132	30	26
20	-147	30	26
20	-162	30	26
20	-177	30	26
20	-192	30	26
20	-207	30	26
20	-222	30	26
20	-237	30	26
20	-252	30	26
20	-267	30	26
20	-282	30	26
20	-297	30	26
20	-312	361	-1
20	-327	361	-1
20	-342	361	-1
20	-357	361	-1
20	-372	361	-1
20	-387	361	-1
20	-402	361	-1
20	-417	361	-1
20	-432	361	-1
20	-447	361	-1
20	-462	361	-1
20	-477	361	-1
20	-492	361	-1
20	-507	361	-1
20	-522	361	-1
20	-537	361	-1
20	-552	361	-1
20	-567	361	-1
21	632	361	-1
21	617	361	-1
21	602	361	-1
21	587	361	-1
21	572	361	-1
21	557	361	-1
21	542	361	-1
21	527	361	-1
21	512	361	-1
21	497	361	-1
21	482	361	-1
21	467	361	-1
21	452	361	-1
21	437	361	-1
21	422	361	-1
21	407	361	-1
21	392	361	-1
21	377	361	-1
21	362	361	-1
21	347	361	-1
21	332	361	-1
21	317	361	-1
21	302	28	27
21	287	29	25
21	272	29	25
21	257	29	25
21	242	29	25
21	227	29	25
21	212	29	25
21	197	29	25
21	182	29	25
21	167	29	25
21	152	29	25
21	137	29	25
21	122	29	25
21	107	29	25
21	92	29	25
21	77	29	25
21	62	29	25
21	47	29	25
21	32	29	25
21	17	29	25
21	2	29	25
21	-12	29	25
21	-27	29	25
21	-42	29	25
21	-57	29	25
21	-72	29	25
21	-87	29	25
21	-102	29	25
21	-117	29	25
21	-132	29	25
21	-147	29	25
21	-162	29	25
21	-177	29	25
21	-192	29	25
21	-207	29	25
21	-222	29	25
21	-237	29	25
21	-252	29	25
21	-267	29	25
21	-282	29	25
21	-297	29	25
21	-312	361	-1
21	-327	361	-1
21	-342	361	-1
21	-357	361	-1
21	-372	361	-1
21	-387	361	-1
21	-402	361	-1
21	-417	361	-1
21	-432	361	-1
21	-447	361	-1
21	-462	361	-1
21	-477	361	-1
21	-492	361	-1
21	-507	361	-1
21	-522	361	-1
21	-537	361	-1
21	-552	361	-1
21	-567	361	-1
22	632	361	-1
22	617	361	-1
22	602	361	-1
22	587	361	-1
22	572	361	-1
22	557	361	-1
22	542	361	-1
22	527	361	-1
22	512	361	-1
22	497	361	-1
22	482	361	-1
22	467	361	-1
22	452	361	-1
22	437	361	-1
22	422	361	-1
22	407	361	-1
22	392	361	-1
22	377	361	-1
22	362	361	-1
22	347	361	-1
22	332	361	-1
22	317	361	-1
22	302	25	24
22	287	27	26
22	272	25	25
22	257	25	26
22	242	27	23
22	227	25	26
22	212	25	25
22	197	27	24
22	182	27	26
22	167	25	23
22	152	27	26
22	137	27	23
22	122	27	26
22	107	27	26
22	92	27	23
22	77	25	26
22	62	25	26
22	47	25	23
22	32	27	26
22	17	27	24
22	2	27	26
22	-12	27	26
22	-27	25	26
22	-42	27	23
22	-57	27	26
22	-72	25	24
22	-87	25	26
22	-102	25	26
22	-117	28	25
22	-132	27	26
22	-147	28	26
22	-162	25	23
22	-177	25	26
22	-192	27	24
22	-207	25	24
22	-222	26	24
22	-237	27	23
22	-252	27	23
22	-267	25	23
22	-282	27	24
22	-297	26	23
22	-312	361	-1
22	-327	361	-1
22	-342	361	-1
22	-357	361	-1
22	-372	361	-1
22	-387	361	-1
22	-402	361	-1
22	-417	361	-1
22	-432	361	-1
22	-447	361	-1
22	-462	361	-1
22	-477	361	-1
22	-492	361	-1
22	-507	361	-1
22	-522	361	-1
22	-537	361	-1
22	-552	361	-1
22	-567	361	-1
23	632	361	-1
23	617	361	-1
23	602	361	-1
23	587	361	-1
23	572	361	-1
23	557	361	-1
23	542	361	-1
23	527	361	-1
23	512	361	-1
23	497	361	-1
23	482	361	-1
23	467	361	-1
23	452	361	-1
23	437	361	-1
23	422	361	-1
23	407	361	-1
23	392	361	-1
23	377	361	-1
23	362	361	-1
23	347	361	-1
23	332	361	-1
23	317	361	-1
23	302	26	23
23	287	26	22
23	272	26	22
23	257	26	22
23	242	24	22
23	227	26	22
23	212	26	22
23	197	26	22
23	182	25	22
23	167	26	22
23	152	26	22
23	137	26	22
23	122	26	23
23	107	26	23
23	92	26	22
23	77	26	22
23	62	24	22
23	47	26	22
23	32	26	22
23	17	26	23
23	2	26	22
23	-12	24	25
23	-27	24	25
23	-42	26	23
23	-57	26	22
23	-72	26	23
23	-87	26	23
23	-102	26	22
23	-117	26	22
23	-132	26	22
23	-147	26	22
23	-162	26	22
23	-177	26	22
23	-192	26	22
23	-207	26	22
23	-222	26	22
23	-237	26	22
23	-252	26	22
23	-267	26	22
23	-282	26	22
23	-297	25	22
23	-312	361	-1
23	-327	361	-1
23	-342	361	-1
23	-357	361	-1
23	-372	361	-1
23	-387	361	-1
23	-402	361	-1
23	-417	361	-1
23	-432	361	-1
23	-447	361	-1
23	-462	361	-1
23	-477	361	-1
23	-492	361	-1
23	-507	361	-1
23	-522	361	-1
23	-537	361	-1
23	-552	361	-1
23	-567	361	-1
24	632	361	-1
24	617	361	-1
24	602	361	-1
24	587	361	-1
24	572	361	-1
24	557	361	-1
24	542	361	-1
24	527	361	-1
24	512	361	-1
24	497	361	-1
24	482	361	-1
24	467	361	-1
24	452	361	-1
24	437	361	-1
24	422	361	-1
24	407	361	-1
24	392	361	-1
24	377	361	-1
24	362	361	-1
24	347	361	-1
24	332	361	-1
24	317	361	-1
24	302	24	-1
24	287	23	22
24	272	23	22
24	257	24	24
24	242	25	24
24	227	23	24
24	212	25	24
24	197	24	24
24	182	23	23
24	167	23	23
24	152	25	24
24	137	23	22
24	122	23	24
24	107	23	22
24	92	23	22
24	77	23	24
24	62	25	22
24	47	25	24
24	32	24	22
24	17	23	24
24	2	23	23
24	-12	24	22
24	-27	25	24
24	-42	23	24
24	-57	23	24
24	-72	23	24
24	-87	25	22
24	-102	25	24
24	-117	25	24
24	-132	23	24
24	-147	26	24
24	-162	25	22
24	-177	25	23
24	-192	25	22
24	-207	25	22
24	-222	24	23
24	-237	26	24
24	-252	25	24
24	-267	26	23
24	-282	23	22
24	-297	24	22
24	-312	361	-1
24	-327	361	-1
24	-342	361	-1
24	-357	361	-1
24	-372	361	-1
24	-387	361	-1
24	-402	361	-1
24	-417	361	-1
24	-432	361	-1
24	-447	361	-1
24	-462	361	-1
24	-477	361	-1
24	-492	361	-1
24	-507	361	-1
24	-522	361	-1
24	-537	361	-1
24	-552	361	-1
24	-567	361	-1
25	632	361	-1
25	617	361	-1
25	602	361	-1
25	587	361	-1
25	572	361	-1
25	557	361	-1
25	542	361	-1
25	527	361	-1
25	512	361	-1
25	497	361	-1
25	482	361	-1
25	467	361	-1
25	452	361	-1
25	437	361	-1
25	422	361	-1
25	407	361	-1
25	392	361	-1
25	377	361	-1
25	362	361	-1
25	347	361	-1
25	332	361	-1
25	317	361	-1
25	302	25	21
25	287	25	21
25	272	25	21
25	257	25	21
25	242	25	21
25	227	25	21
25	212	25	21
25	197	25	21
25	182	25	21
25	167	25	21
25	152	25	21
25	137	25	21
25	122	25	21
25	107	25	21
25	92	25	21
25	77	25	21
25	62	25	21
25	47	25	21
25	32	25	21
25	17	25	21
25	2	25	21
25	-12	25	21
25	-27	25	21
25	-42	25	21
25	-57	25	21
25	-72	25	21
25	-87	25	21
25	-102	25	21
25	-117	25	21
25	-132	25	21
25	-147	25	21
25	-162	25	21
25	-177	25	21
25	-192	25	21
25	-207	25	21
25	-222	25	21
25	-237	25	21
25	-252	25	21
25	-267	25	21
25	-282	25	21
25	-297	25	21
25	-312	361	-1
25	-327	361	-1
25	-342	361	-1
25	-357	361	-1
25	-372	361	-1
25	-387	361	-1
25	-402	361	-1
25	-417	361	-1
25	-432	361	-1
25	-447	361	-1
25	-462	361	-1
25	-477	361	-1
25	-492	361	-1
25	-507	361	-1
25	-522	361	-1
25	-537	361	-1
25	-552	361	-1
25	-567	361	-1
26	632	361	-1
26	617	361	-1
26	602	361	-1
26	587	361	-1
26	572	361	-1
26	557	361	-1
26	542	361	-1
26	527	361	-1
26	512	361	-1
26	497	361	-1
26	482	361	-1
26	467	361	-1
26	452	361	-1
26	437	361	-1
26	422	361	-1
26	407	361	-1
26	392	361	-1
26	377	361	-1
26	362	361	-1
26	347	361	-1
26	332	361	-1
26	317	361	-1
26	302	361	20
26	287	24	20
26	272	24	20
26	257	24	20
26	242	24	20
26	227	24	20
26	212	24	20
26	197	24	20
26	182	24	20
26	167	24	20
26	152	24	20
26	137	24	20
26	122	24	20
26	107	24	20
26	92	24	20
26	77	24	20
26	62	24	20
26	47	24	20
26	32	24	20
26	17	24	20
26	2	24	20
26	-12	24	20
26	-27	24	20
26	-42	24	20
26	-57	24	20
26	-72	24	20
26	-87	24	20
26	-102	24	20
26	-117	24	20
26	-132	24	20
26	-147	24	20
26	-162	24	20
26	-177	24	20
26	-192	24	20
26	-207	24	20
26	-222	24	20
26	-237	24	20
26	-252	24	20
26	-267	24	20
26	-282	24	20
26	-297	24	20
26	-312	361	-1
26	-327	361	-1
26	-342	361	-1
26	-357	361	-1
26	-372	361	-1
26	-387	361	-1
26	-402	361	-1
26	-417	361	-1
26	-432	361	-1
26	-447	361	-1
26	-462	361	-1
26	-477	361	-1
26	-492	361	-1
26	-507	361	-1
26	-522	361	-1
26	-537	361	-1
26	-552	361	-1
26	-567	361	-1
27	632	361	-1
27	617	361	-1
27	602	361	-1
27	587	361	-1
27	572	361	-1
27	557	361	-1
27	542	361	-1
27	527	361	-1
27	512	361	-1
27	497	361	-1
27	482	361	-1
27	467	361	-1
27	452	361	-1
27	437	361	-1
27	422	361	-1
27	407	361	-1
27	392	361	-1
27	377	361	-1
27	362	361	-1
27	347	361	-1
27	332	361	-1
27	317	361	-1
27	302	361	-1
27	287	23	19
27	272	23	19
27	257	23	19
27	242	23	19
27	227	23	19
27	212	23	19
27	197	23	19
27	182	23	19
27	167	23	19
27	152	23	19
27	137	23	19
27	122	23	19
27	107	23	19
27	92	23	19
27	77	23	19
27	62	23	19
27	47	23	19
27	32	23	19
27	17	23	19
27	2	23	19
27	-12	23	19
27	-27	23	19
27	-42	23	19
27	-57	23	19
27	-72	23	19
27	-87	23	19
27	-102	23	19
27	-117	23	19
27	-132	23	19
27	-147	23	19
27	-162	23	19
27	-177	23	19
27	-192	23	19
27	-207	23	19
27	-222	23	19
27	-237	23	19
27	-252	23	19
27	-267	23	19
27	-282	23	19
27	-297	23	19
27	-312	361	-1
27	-327	361	-1
27	-342	361	-1
27	-357	361	-1
27	-372	361	-1
27	-387	361	-1
27	-402	361	-1
27	-417	361	-1
27	-432	361	-1
27	-447	361	-1
27	-462	361	-1
27	-477	361	-1
27	-492	361	-1
27	-507	361	-1
27	-522	361	-1
27	-537	361	-1
27	-552	361	-1
27	-567	361	-1
28	632	361	-1
28	617	361	-1
28	602	361	-1
28	587	361	-1
28	572	361	-1
28	557	361	-1
28	542	361	-1
28	527	361	-1
28	512	361	-1
28	497	361	-1
28	482	361	-1
28	467	361	-1
28	452	361	-1
28	437	361	-1
28	422	361	-1
28	407	361	-1
28	392	361	-1
28	377	361	-1
28	362	361	-1
28	347	361	-1
28	332	361	-1
28	317	361	-1
28	302	361	-1
28	287	22	18
28	272	22	19
28	257	22	18
28	242	22	18
28	227	22	18
28	212	22	18
28	197	20	18
28	182	22	19
28	167	22	18
28	152	22	18
28	137	22	18
28	122	22	18
28	107	22	18
28	92	22	18
28	77	22	19
28	62	20	18
28	47	22	18
28	32	22	18
28	17	22	18
28	2	22	18
28	-12	22	18
28	-27	22	18
28	-42	22	18
28	-57	22	18
28	-72	22	18
28	-87	22	18
28	-102	22	18
28	-117	22	18
28	-132	22	18
28	-147	22	18
28	-162	22	18
28	-177	22	18
28	-192	22	18
28	-207	22	18
28	-222	22	18
28	-237	22	18
28	-252	22	18
28	-267	22	18
28	-282	22	18
28	-297	21	18
28	-312	361	-1
28	-327	361	-1
28	-342	361	-1
28	-357	361	-1
28	-372	361	-1
28	-387	361	-1
28	-402	361	-1
28	-417	361	-1
28	-432	361	-1
28	-447	361	-1
28	-462	361	-1
28	-477	361	-1
28	-492	361	-1
28	-507	361	-1
28	-522	361	-1
28	-537	361	-1
28	-552	361	-1
28	-567	361	-1
29	632	361	-1
29	617	361	-1
29	602	361	-1
29	587	361	-1
29	572	361	-1
29	557	361	-1
29	542	361	-1
29	527	361	-1
29	512	361	-1
29	497	361	-1
29	482	361	-1
29	467	361	-1
29	452	361	-1
29	437	361	-1
29	422	361	-1
29	407	361	-1
29	392	361	-1
29	377	361	-1
29	362	361	-1
29	347	361	-1
29	332	361	-1
29	317	361	-1
29	302	361	-1
29	287	22	18
29	272	22	18
29	257	22	18
29	242	22	18
29	227	22	18
29	212	22	18
29	197	22	18
29	182	22	18
29	167	22	18
29	152	22	18
29	137	22	18
29	122	22	18
29	107	22	18
29	92	22	18
29	77	22	18
29	62	22	18
29	47	22	18
29	32	22	18
29	17	22	18
29	2	22	18
29	-12	22	18
29	-27	22	18
29	-42	22	18
29	-57	22	18
29	-72	22	18
29	-87	22	18
29	-102	22	18
29	-117	22	18
29	-132	22	18
29	-147	22	18
29	-162	22	18
29	-177	22	18
29	-192	22	18
29	-207	22	18
29	-222	22	18
29	-237	22	18
29	-252	22	18
29	-267	22	18
29	-282	22	18
29	-297	22	18
29	-312	361	-1
29	-327	361	-1
29	-342	361	-1
29	-357	361	-1
29	-372	361	-1
29	-387	361	-1
29	-402	361	-1
29	-417	361	-1
29	-432	361	-1
29	-447	361	-1
29	-462	361	-1
29	-477	361	-1
29	-492	361	-1
29	-507	361	-1
29	-522	361	-1
29	-537	361	-1
29	-552	361	-1
29	-567	361	-1
30	632	361	-1
30	617	361	-1
30	602	361	-1
30	587	361	-1
30	572	361	-1
30	557	361	-1
30	542	361	-1
30	527	361	-1
30	512	361	-1
30	497	361	-1
30	482	361	-1
30	467	361	-1
30	452	361	-1
30	437	361	-1
30	422	361	-1
30	407	361	-1
30	392	361	-1
30	377	361	-1
30	362	361	-1
30	347	361	-1
30	332	361	-1
30	317	361	-1
30	302	361	18
30	287	21	17
30	272	21	17
30	257	21	17
30	242	21	17
30	227	21	17
30	212	21	17
30	197	21	17
30	182	21	17
30	167	21	17
30	152	21	17
30	137	21	17
30	122	21	17
30	107	21	17
30	92	21	17
30	77	21	17
30	62	21	17
30	47	21	17
30	32	21	17
30	17	21	17
30	2	21	17
30	-12	21	17
30	-27	21	17
30	-42	21	17
30	-57	21	17
30	-72	21	17
30	-87	21	17
30	-102	21	17
30	-117	21	17
30	-132	21	17
30	-147	21	17
30	-162	21	17
30	-177	21	17
30	-192	21	17
30	-207	21	17
30	-222	21	17
30	-237	21	17
30	-252	21	17
30	-267	21	17
30	-282	21	17
30	-297	21	18
30	-312	361	-1
30	-327	361	-1
30	-342	361	-1
30	-357	361	-1
30	-372	361	-1
30	-387	361	-1
30	-402	361	-1
30	-417	361	-1
30	-432	361	-1
30	-447	361	-1
30	-462	361	-1
30	-477	361	-1
30	-492	361	-1
30	-507	361	-1
30	-522	361	-1
30	-537	361	-1
30	-552	361	-1
30	-567	361	-1
31	632	361	-1
31	617	361	-1
31	602	361	-1
31	587	361	-1
31	572	361	-1
31	557	361	-1
31	542	361	-1
31	527	361	-1
31	512	361	-1
31	497	361	-1
31	482	361	-1
31	467	361	-1
31	452	361	-1
31	437	361	-1
31	422	361	-1
31	407	361	-1
31	392	361	-1
31	377	361	-1
31	362	361	-1
31	347	361	-1
31	332	361	-1
31	317	361	-1
31	302	361	-1
31	287	18	19
31	272	18	19
31	257	18	19
31	242	18	19
31	227	18	19
31	212	18	19
31	197	18	19
31	182	18	19
31	167	18	19
31	152	18	19
31	137	18	19
31	122	18	19
31	107	18	19
31	92	18	19
31	77	18	19
31	62	18	19
31	47	18	19
31	32	18	19
31	17	18	19
31	2	18	19
31	-12	18	19
31	-27	18	19
31	-42	18	19
31	-57	18	19
31	-72	18	19
31	-87	18	19
31	-102	18	19
31	-117	18	19
31	-132	18	19
31	-147	18	19
31	-162	18	19
31	-177	18	19
31	-192	18	19
31	-207	18	19
31	-222	18	19
31	-237	18	19
31	-252	18	19
31	-267	18	19
31	-282	18	19
31	-297	19	18
31	-312	361	-1
31	-327	361	-1
31	-342	361	-1
31	-357	361	-1
31	-372	361	-1
31	-387	361	-1
31	-402	361	-1
31	-417	361	-1
31	-432	361	-1
31	-447	361	-1
31	-462	361	-1
31	-477	361	-1
31	-492	361	-1
31	-507	361	-1
31	-522	361	-1
31	-537	361	-1
31	-552	361	-1
31	-567	361	-1
32	632	361	-1
32	617	361	-1
32	602	361	-1
32	587	361	-1
32	572	361	-1
32	557	361	-1
32	542	361	-1
32	527	361	-1
32	512	361	-1
32	497	361	-1
32	482	361	-1
32	467	361	-1
32	452	361	-1
32	437	361	-1
32	422	361	-1
32	407	361	-1
32	392	361	-1
32	377	361	-1
32	362	361	-1
32	347	361	-1
32	332	361	-1
32	317	361	-1
32	302	361	-1
32	287	20	16
32	272	20	16
32	257	20	16
32	242	20	16
32	227	20	16
32	212	20	16
32	197	20	16
32	182	20	16
32	167	20	16
32	152	20	16
32	137	20	16
32	122	20	16
32	107	20	16
32	92	20	16
32	77	20	16
32	62	20	16
32	47	20	16
32	32	20	16
32	17	20	16
32	2	20	16
32	-12	20	16
32	-27	20	16
32	-42	20	16
32	-57	20	16
32	-72	20	16
32	-87	20	16
32	-102	20	16
32	-117	20	16
32	-132	20	16
32	-147	20	16
32	-162	20	16
32	-177	20	16
32	-192	20	16
32	-207	20	16
32	-222	20	16
32	-237	20	16
32	-252	20	16
32	-267	20	16
32	-282	20	16
32	-297	20	16
32	-312	361	-1
32	-327	361	-1
32	-342	361	-1
32	-357	361	-1
32	-372	361	-1
32	-387	361	-1
32	-402	361	-1
32	-417	361	-1
32	-432	361	-1
32	-447	361	-1
32	-462	361	-1
32	-477	361	-1
32	-492	361	-1
32	-507	361	-1
32	-522	361	-1
32	-537	361	-1
32	-552	361	-1
32	-567	361	-1
33	632	361	-1
33	617	361	-1
33	602	361	-1
33	587	361	-1
33	572	361	-1
33	557	361	-1
33	542	361	-1
33	527	361	-1
33	512	361	-1
33	497	361	-1
33	482	361	-1
33	467	361	-1
33	452	361	-1
33	437	361	-1
33	422	361	-1
33	407	361	-1
33	392	361	-1
33	377	361	-1
33	362	361	-1
33	347	361	-1
33	332	361	-1
33	317	361	-1
33	302	19	-1
33	287	17	18
33	272	17	18
33	257	17	18
33	242	17	18
33	227	17	18
33	212	17	18
33	197	17	18
33	182	17	18
33	167	17	18
33	152	17	18
33	137	17	18
33	122	17	18
33	107	17	18
33	92	17	18
33	77	17	18
33	62	17	18
33	47	17	18
33	32	17	18
33	17	17	18
33	2	17	18
33	-12	17	18
33	-27	17	18
33	-42	17	18
33	-57	17	18
33	-72	17	18
33	-87	17	18
33	-102	17	18
33	-117	17	18
33	-132	17	18
33	-147	17	18
33	-162	17	18
33	-177	17	18
33	-192	17	18
33	-207	17	18
33	-222	17	18
33	-237	17	18
33	-252	17	18
33	-267	17	18
33	-282	17	18
33	-297	19	-1
33	-312	361	-1
33	-327	361	-1
33	-342	361	-1
33	-357	361	-1
33	-372	361	-1
33	-387	361	-1
33	-402	361	-1
33	-417	361	-1
33	-432	361	-1
33	-447	361	-1
33	-462	361	-1
33	-477	361	-1
33	-492	361	-1
33	-507	361	-1
33	-522	361	-1
33	-537	361	-1
33	-552	361	-1
33	-567	361	-1
34	632	361	-1
34	617	361	-1
34	602	361	-1
34	587	361	-1
34	572	361	-1
34	557	361	-1
34	542	361	-1
34	527	361	-1
34	512	361	-1
34	497	361	-1
34	482	361	-1
34	467	361	-1
34	452	361	-1
34	437	361	-1
34	422	361	-1
34	407	361	-1
34	392	361	-1
34	377	361	-1
34	362	361	-1
34	347	361	-1
34	332	361	-1
34	317	361	-1
34	302	361	15
34	287	19	15
34	272	19	15
34	257	19	15
34	242	19	15
34	227	19	15
34	212	19	15
34	197	19	15
34	182	19	15
34	167	19	15
34	152	19	15
34	137	19	15
34	122	19	15
34	107	19	15
34	92	19	15
34	77	19	15
34	62	19	15
34	47	19	15
34	32	19	15
34	17	19	15
34	2	19	15
34	-12	19	15
34	-27	19	15
34	-42	19	15
34	-57	19	15
34	-72	19	15
34	-87	19	15
34	-102	19	15
34	-117	19	15
34	-132	19	15
34	-147	19	15
34	-162	19	15
34	-177	19	15
34	-192	19	15
34	-207	19	15
34	-222	19	15
34	-237	19	15
34	-252	19	15
34	-267	19	15
34	-282	19	15
34	-297	361	15
34	-312	361	-1
34	-327	361	-1
34	-342	361	-1
34	-357	361	-1
34	-372	361	-1
34	-387	361	-1
34	-402	361	-1
34	-417	361	-1
34	-432	361	-1
34	-447	361	-1
34	-462	361	-1
34	-477	361	-1
34	-492	361	-1
34	-507	361	-1
34	-522	361	-1
34	-537	361	-1
34	-552	361	-1
34	-567	361	-1
35	632	361	-1
35	617	361	-1
35	602	361	-1
35	587	361	-1
35	572	361	-1
35	557	361	-1
35	542	361	-1
35	527	361	-1
35	512	361	-1
35	497	361	-1
35	482	361	-1
35	467	361	-1
35	452	361	-1
35	437	361	-1
35	422	361	-1
35	407	361	-1
35	392	361	-1
35	377	361	-1
35	362	361	-1
35	347	361	-1
35	332	361	-1
35	317	361	-1
35	302	361	-1
35	287	16	17
35	272	16	17
35	257	16	17
35	242	16	17
35	227	16	17
35	212	16	17
35	197	16	17
35	182	16	17
35	167	16	17
35	152	16	17
35	137	16	17
35	122	16	17
35	107	16	17
35	92	16	17
35	77	16	17
35	62	16	17
35	47	16	17
35	32	16	17
35	17	16	17
35	2	16	17
35	-12	16	17
35	-27	16	17
35	-42	16	17
35	-57	16	17
35	-72	16	17
35	-87	16	17
35	-102	16	17
35	-117	16	17
35	-132	16	17
35	-147	16	17
35	-162	16	17
35	-177	16	17
35	-192	16	17
35	-207	16	17
35	-222	16	17
35	-237	16	17
35	-252	16	17
35	-267	16	17
35	-282	16	17
35	-297	361	16
35	-312	361	-1
35	-327	361	-1
35	-342	361	-1
35	-357	361	-1
35	-372	361	-1
35	-387	361	-1
35	-402	361	-1
35	-417	361	-1
35	-432	361	-1
35	-447	361	-1
35	-462	361	-1
35	-477	361	-1
35	-492	361	-1
35	-507	361	-1
35	-522	361	-1
35	-537	361	-1
35	-552	361	-1
35	-567	361	-1
36	632	361	-1
36	617	361	-1
36	602	361	-1
36	587	361	-1
36	572	361	-1
36	557	361	-1
36	542	361	-1
36	527	361	-1
36	512	361	-1
36	497	361	-1
36	482	361	-1
36	467	361	-1
36	452	361	-1
36	437	361	-1
36	422	361	-1
36	407	361	-1
36	392	361	-1
36	377	361	-1
36	362	361	-1
36	347	361	-1
36	332	361	-1
36	317	361	-1
36	302	361	-1
36	287	18	14
36	272	18	14
36	257	18	14
36	242	18	14
36	227	18	14
36	212	18	14
36	197	18	14
36	182	18	14
36	167	18	14
36	152	18	14
36	137	18	14
36	122	18	14
36	107	18	14
36	92	18	14
36	77	18	14
36	62	18	14
36	47	18	14
36	32	18	14
36	17	18	14
36	2	18	14
36	-12	18	14
36	-27	18	14
36	-42	18	14
36	-57	18	14
36	-72	18	14
36	-87	18	14
36	-102	18	14
36	-117	18	14
36	-132	18	14
36	-147	18	14
36	-162	18	14
36	-177	18	14
36	-192	18	14
36	-207	18	14
36	-222	18	14
36	-237	18	14
36	-252	18	14
36	-267	18	14
36	-282	18	14
36	-297	361	-1
36	-312	361	-1
36	-327	361	-1
36	-342	361	-1
36	-357	361	-1
36	-372	361	-1
36	-387	361	-1
36	-402	361	-1
36	-417	361	-1
36	-432	361	-1
36	-447	361	-1
36	-462	361	-1
36	-477	361	-1
36	-492	361	-1
36	-507	361	-1
36	-522	361	-1
36	-537	361	-1
36	-552	361	-1
36	-567	361	-1
37	632	361	-1
37	617	361	-1
37	602	361	-1
37	587	361	-1
37	572	361	-1
37	557	361	-1
37	542	361	-1
37	527	361	-1
37	512	361	-1
37	497	361	-1
37	482	361	-1
37	467	361	-1
37	452	361	-1
37	437	361	-1
37	422	361	-1
37	407	361	-1
37	392	361	-1
37	377	361	-1
37	362	361	-1
37	347	361	-1
37	332	361	-1
37	317	361	-1
37	302	361	-1
37	287	18	14
37	272	18	14
37	257	18	14
37	242	18	14
37	227	17	14
37	212	18	14
37	197	18	14
37	182	18	14
37	167	18	14
37	152	18	14
37	137	18	16
37	122	18	14
37	107	18	14
37	92	18	14
37	77	18	14
37	62	18	14
37	47	18	14
37	32	18	14
37	17	18	14
37	2	18	14
37	-12	18	14
37	-27	18	14
37	-42	18	14
37	-57	18	14
37	-72	18	14
37	-87	18	14
37	-102	18	14
37	-117	18	14
37	-132	18	14
37	-147	18	14
37	-162	18	14
37	-177	17	14
37	-192	18	16
37	-207	18	14
37	-222	18	14
37	-237	18	14
37	-252	18	14
37	-267	18	14
37	-282	18	14
37	-297	18	14
37	-312	361	-1
37	-327	361	-1
37	-342	361	-1
37	-357	361	-1
37	-372	361	-1
37	-387	361	-1
37	-402	361	-1
37	-417	361	-1
37	-432	361	-1
37	-447	361	-1
37	-462	361	-1
37	-477	361	-1
37	-492	361	-1
37	-507	361	-1
37	-522	361	-1
37	-537	361	-1
37	-552	361	-1
37	-567	361	-1
38	632	361	-1
38	617	361	-1
38	602	361	-1
38	587	361	-1
38	572	361	-1
38	557	361	-1
38	542	361	-1
38	527	361	-1
38	512	361	-1
38	497	361	-1
38	482	361	-1
38	467	361	-1
38	452	361	-1
38	437	361	-1
38	422	361	-1
38	407	361	-1
38	392	361	-1
38	377	361	-1
38	362	361	-1
38	347	361	-1
38	332	361	-1
38	317	361	-1
38	302	361	-1
38	287	17	13
38	272	17	13
38	257	17	13
38	242	17	13
38	227	17	13
38	212	17	13
38	197	17	13
38	182	17	13
38	167	17	13
38	152	17	13
38	137	17	13
38	122	17	13
38	107	17	13
38	92	17	13
38	77	17	13
38	62	17	13
38	47	17	13
38	32	17	13
38	17	17	13
38	2	17	13
38	-12	17	13
38	-27	17	13
38	-42	17	13
38	-57	17	13
38	-72	17	13
38	-87	17	13
38	-102	17	13
38	-117	17	13
38	-132	17	13
38	-147	17	13
38	-162	17	13
38	-177	17	13
38	-192	17	13
38	-207	17	13
38	-222	17	13
38	-237	17	13
38	-252	17	13
38	-267	17	13
38	-282	17	13
38	-297	361	-1
38	-312	361	-1
38	-327	361	-1
38	-342	361	-1
38	-357	361	-1
38	-372	361	-1
38	-387	361	-1
38	-402	361	-1
38	-417	361	-1
38	-432	361	-1
38	-447	361	-1
38	-462	361	-1
38	-477	361	-1
38	-492	361	-1
38	-507	361	-1
38	-522	361	-1
38	-537	361	-1
38	-552	361	-1
38	-567	361	-1
39	632	361	-1
39	617	361	-1
39	602	361	-1
39	587	361	-1
39	572	361	-1
39	557	361	-1
39	542	361	-1
39	527	361	-1
39	512	361	-1
39	497	361	-1
39	482	361	-1
39	467	361	-1
39	452	361	-1
39	437	361	-1
39	422	361	-1
39	407	361	-1
39	392	361	-1
39	377	361	-1
39	362	361	-1
39	347	361	-1
39	332	361	-1
39	317	361	-1
39	302	361	-1
39	287	17	13
39	272	17	13
39	257	17	13
39	242	17	13
39	227	17	13
39	212	17	13
39	197	17	13
39	182	17	13
39	167	17	13
39	152	17	13
39	137	17	13
39	122	17	13
39	107	17	13
39	92	17	13
39	77	17	13
39	62	17	13
39	47	17	13
39	32	17	13
39	17	17	13
39	2	17	13
39	-12	17	13
39	-27	17	13
39	-42	17	13
39	-57	17	13
39	-72	17	13
39	-87	17	13
39	-102	17	13
39	-117	17	13
39	-132	17	13
39	-147	17	13
39	-162	17	13
39	-177	17	13
39	-192	17	13
39	-207	17	13
39	-222	17	13
39	-237	17	13
39	-252	17	13
39	-267	17	13
39	-282	17	13
39	-297	361	-1
39	-312	361	-1
39	-327	361	-1
39	-342	361	-1
39	-357	361	-1
39	-372	361	-1
39	-387	361	-1
39	-402	361	-1
39	-417	361	-1
39	-432	361	-1
39	-447	361	-1
39	-462	361	-1
39	-477	361	-1
39	-492	361	-1
39	-507	361	-1
39	-522	361	-1
39	-537	361	-1
39	-552	361	-1
39	-567	361	-1
40	632	361	-1
40	617	361	-1
40	602	361	-1
40	587	361	-1
40	572	361	-1
40	557	361	-1
40	542	361	-1
40	527	361	-1
40	512	361	-1
40	497	361	-1
40	482	361	-1
40	467	361	-1
40	452	361	-1
40	437	361	-1
40	422	361	-1
40	407	361	-1
40	392	361	-1
40	377	361	-1
40	362	361	-1
40	347	361	-1
40	332	361	-1
40	317	361	-1
40	302	361	-1
40	287	14	15
40	272	14	15
40	257	14	15
40	242	14	15
40	227	14	15
40	212	14	15
40	197	14	15
40	182	14	15
40	167	14	15
40	152	14	15
40	137	14	15
40	122	14	15
40	107	14	15
40	92	14	15
40	77	14	15
40	62	14	15
40	47	14	15
40	32	14	15
40	17	14	15
40	2	14	15
40	-12	14	15
40	-27	14	15
40	-42	14	15
40	-57	14	15
40	-72	14	15
40	-87	14	15
40	-102	14	15
40	-117	14	15
40	-132	14	15
40	-147	14	15
40	-162	14	15
40	-177	14	15
40	-192	14	15
40	-207	14	15
40	-222	14	15
40	-237	14	15
40	-252	14	15
40	-267	14	15
40	-282	14	15
40	-297	361	14
40	-312	361	-1
40	-327	361	-1
40	-342	361	-1
40	-357	361	-1
40	-372	361	-1
40	-387	361	-1
40	-402	361	-1
40	-417	361	-1
40	-432	361	-1
40	-447	361	-1
40	-462	361	-1
40	-477	361	-1
40	-492	361	-1
40	-507	361	-1
40	-522	361	-1
40	-537	361	-1
40	-552	361	-1
40	-567	361	-1
41	632	361	-1
41	617	361	-1
41	602	361	-1
41	587	361	-1
41	572	361	-1
41	557	361	-1
41	542	361	-1
41	527	361	-1
41	512	361	-1
41	497	361	-1
41	482	361	-1
41	467	361	-1
41	452	361	-1
41	437	361	-1
41	422	361	-1
41	407	361	-1
41	392	361	-1
41	377	361	-1
41	362	361	-1
41	347	361	-1
41	332	361	-1
41	317	361	-1
41	302	361	-1
41	287	16	12
41	272	16	12
41	257	16	12
41	242	16	12
41	227	16	12
41	212	16	12
41	197	16	12
41	182	16	12
41	167	16	12
41	152	16	12
41	137	16	12
41	122	16	12
41	107	16	12
41	92	16	12
41	77	16	12
41	62	16	12
41	47	16	12
41	32	16	12
41	17	16	12
41	2	16	12
41	-12	16	12
41	-27	16	12
41	-42	16	12
41	-57	16	12
41	-72	16	12
41	-87	16	12
41	-102	16	12
41	-117	16	12
41	-132	16	12
41	-147	16	12
41	-162	16	12
41	-177	16	12
41	-192	16	12
41	-207	16	12
41	-222	16	12
41	-237	16	12
41	-252	16	12
41	-267	16	12
41	-282	16	12
41	-297	361	-1
41	-312	361	-1
41	-327	361	-1
41	-342	361	-1
41	-357	361	-1
41	-372	361	-1
41	-387	361	-1
41	-402	361	-1
41	-417	361	-1
41	-432	361	-1
41	-447	361	-1
41	-462	361	-1
41	-477	361	-1
41	-492	361	-1
41	-507	361	-1
41	-522	361	-1
41	-537	361	-1
41	-552	361	-1
41	-567	361	-1
42	632	361	-1
42	617	361	-1
42	602	361	-1
42	587	361	-1
42	572	361	-1
42	557	361	-1
42	542	361	-1
42	527	361	-1
42	512	361	-1
42	497	361	-1
42	482	361	-1
42	467	361	-1
42	452	361	-1
42	437	361	-1
42	422	361	-1
42	407	361	-1
42	392	361	-1
42	377	361	-1
42	362	361	-1
42	347	361	-1
42	332	361	-1
42	317	361	-1
42	302	361	-1
42	287	16	12
42	272	16	12
42	257	16	12
42	242	16	12
42	227	16	12
42	212	16	12
42	197	16	12
42	182	16	12
42	167	16	12
42	152	16	12
42	137	16	12
42	122	16	12
42	107	16	12
42	92	16	12
42	77	16	12
42	62	16	12
42	47	16	12
42	32	16	12
42	17	16	12
42	2	16	12
42	-12	16	12
42	-27	16	12
42	-42	16	12
42	-57	16	12
42	-72	16	12
42	-87	16	12
42	-102	16	12
42	-117	16	12
42	-132	16	12
42	-147	16	12
42	-162	16	12
42	-177	16	12
42	-192	16	12
42	-207	16	12
42	-222	16	12
42	-237	16	12
42	-252	16	12
42	-267	16	12
42	-282	16	12
42	-297	16	-1
42	-312	361	-1
42	-327	361	-1
42	-342	361	-1
42	-357	361	-1
42	-372	361	-1
42	-387	361	-1
42	-402	361	-1
42	-417	361	-1
42	-432	361	-1
42	-447	361	-1
42	-462	361	-1
42	-477	361	-1
42	-492	361	-1
42	-507	361	-1
42	-522	361	-1
42	-537	361	-1
42	-552	361	-1
42	-567	361	-1
43	632	361	-1
43	617	361	-1
43	602	361	-1
43	587	361	-1
43	572	361	-1
43	557	361	-1
43	542	361	-1
43	527	361	-1
43	512	361	-1
43	497	361	-1
43	482	361	-1
43	467	361	-1
43	452	361	-1
43	437	361	-1
43	422	361	-1
43	407	361	-1
43	392	361	-1
43	377	361	-1
43	362	361	-1
43	347	361	-1
43	332	361	-1
43	317	361	-1
43	302	361	-1
43	287	13	14
43	272	13	14
43	257	13	14
43	242	13	14
43	227	13	14
43	212	13	14
43	197	13	14
43	182	13	14
43	167	13	14
43	152	13	14
43	137	13	14
43	122	13	14
43	107	13	14
43	92	13	14
43	77	13	14
43	62	13	14
43	47	13	14
43	32	13	14
43	17	13	14
43	2	13	14
43	-12	13	14
43	-27	13	14
43	-42	13	14
43	-57	13	14
43	-72	13	14
43	-87	13	14
43	-102	13	14
43	-117	13	14
43	-132	13	14
43	-147	13	14
43	-162	13	14
43	-177	13	14
43	-192	13	14
43	-207	13	14
43	-222	13	14
43	-237	13	14
43	-252	13	14
43	-267	13	14
43	-282	13	14
43	-297	361	-1
43	-312	361	-1
43	-327	361	-1
43	-342	361	-1
43	-357	361	-1
43	-372	361	-1
43	-387	361	-1
43	-402	361	-1
43	-417	361	-1
43	-432	361	-1
43	-447	361	-1
43	-462	361	-1
43	-477	361	-1
43	-492	361	-1
43	-507	361	-1
43	-522	361	-1
43	-537	361	-1
43	-552	361	-1
43	-567	361	-1
44	632	361	-1
44	617	361	-1
44	602	361	-1
44	587	361	-1
44	572	361	-1
44	557	361	-1
44	542	361	-1
44	527	361	-1
44	512	361	-1
44	497	361	-1
44	482	361	-1
44	467	361	-1
44	452	361	-1
44	437	361	-1
44	422	361	-1
44	407	361	-1
44	392	361	-1
44	377	361	-1
44	362	361	-1
44	347	361	-1
44	332	361	-1
44	317	361	-1
44	302	361	-1
44	287	15	11
44	272	15	11
44	257	15	12
44	242	15	11
44	227	15	11
44	212	15	11
44	197	15	11
44	182	15	11
44	167	15	11
44	152	15	11
44	137	15	11
44	122	15	11
44	107	15	11
44	92	15	11
44	77	15	11
44	62	15	11
44	47	15	11
44	32	15	11
44	17	15	11
44	2	15	11
44	-12	15	11
44	-27	15	11
44	-42	15	11
44	-57	15	11
44	-72	15	11
44	-87	15	11
44	-102	15	11
44	-117	15	11
44	-132	15	11
44	-147	15	11
44	-162	15	11
44	-177	15	11
44	-192	15	11
44	-207	15	11
44	-222	15	11
44	-237	15	11
44	-252	15	11
44	-267	15	11
44	-282	15	11
44	-297	361	13
44	-312	361	-1
44	-327	361	-1
44	-342	361	-1
44	-357	361	-1
44	-372	361	-1
44	-387	361	-1
44	-402	361	-1
44	-417	361	-1
44	-432	361	-1
44	-447	361	-1
44	-462	361	-1
44	-477	361	-1
44	-492	361	-1
44	-507	361	-1
44	-522	361	-1
44	-537	361	-1
44	-552	361	-1
44	-567	361	-1
45	632	361	-1
45	617	361	-1
45	602	361	-1
45	587	361	-1
45	572	361	-1
45	557	361	-1
45	542	361	-1
45	527	361	-1
45	512	361	-1
45	497	361	-1
45	482	361	-1
45	467	361	-1
45	452	361	-1
45	437	361	-1
45	422	361	-1
45	407	361	-1
45	392	361	-1
45	377	361	-1
45	362	361	-1
45	347	361	-1
45	332	361	-1
45	317	361	-1
45	302	361	-1
45	287	15	11
45	272	15	11
45	257	15	11
45	242	15	11
45	227	15	11
45	212	15	11
45	197	15	11
45	182	15	11
45	167	15	11
45	152	15	11
45	137	15	11
45	122	15	11
45	107	15	11
45	92	15	11
45	77	15	11
45	62	15	11
45	47	15	11
45	32	15	11
45	17	15	11
45	2	15	11
45	-12	15	11
45	-27	15	11
45	-42	15	11
45	-57	15	11
45	-72	15	11
45	-87	15	11
45	-102	15	11
45	-117	15	11
45	-132	15	11
45	-147	15	11
45	-162	15	11
45	-177	15	11
45	-192	15	11
45	-207	15	11
45	-222	15	11
45	-237	15	11
45	-252	15	11
45	-267	15	11
45	-282	15	11
45	-297	361	11
45	-312	361	-1
45	-327	361	-1
45	-342	361	-1
45	-357	361	-1
45	-372	361	-1
45	-387	361	-1
45	-402	361	-1
45	-417	361	-1
45	-432	361	-1
45	-447	361	-1
45	-462	361	-1
45	-477	361	-1
45	-492	361	-1
45	-507	361	-1
45	-522	361	-1
45	-537	361	-1
45	-552	361	-1
45	-567	361	-1
46	632	361	-1
46	617	361	-1
46	602	361	-1
46	587	361	-1
46	572	361	-1
46	557	361	-1
46	542	361	-1
46	527	361	-1
46	512	361	-1
46	497	361	-1
46	482	361	-1
46	467	361	-1
46	452	361	-1
46	437	361	-1
46	422	361	-1
46	407	361	-1
46	392	361	-1
46	377	361	-1
46	362	361	-1
46	347	361	-1
46	332	361	-1
46	317	361	-1
46	302	361	-1
46	287	15	11
46	272	15	11
46	257	15	11
46	242	15	11
46	227	15	11
46	212	15	11
46	197	15	11
46	182	15	11
46	167	15	11
46	152	15	11
46	137	15	11
46	122	15	11
46	107	15	11
46	92	15	11
46	77	15	11
46	62	15	11
46	47	15	11
46	32	15	11
46	17	15	11
46	2	15	11
46	-12	15	11
46	-27	15	11
46	-42	15	11
46	-57	15	11
46	-72	15	11
46	-87	15	11
46	-102	15	11
46	-117	15	11
46	-132	15	11
46	-147	15	11
46	-162	15	11
46	-177	15	11
46	-192	15	11
46	-207	15	11
46	-222	15	11
46	-237	15	11
46	-252	15	11
46	-267	15	11
46	-282	15	11
46	-297	361	-1
46	-312	361	-1
46	-327	361	-1
46	-342	361	-1
46	-357	361	-1
46	-372	361	-1
46	-387	361	-1
46	-402	361	-1
46	-417	361	-1
46	-432	361	-1
46	-447	361	-1
46	-462	361	-1
46	-477	361	-1
46	-492	361	-1
46	-507	361	-1
46	-522	361	-1
46	-537	361	-1
46	-552	361	-1
46	-567	361	-1
47	632	361	-1
47	617	361	-1
47	602	361	-1
47	587	361	-1
47	572	361	-1
47	557	361	-1
47	542	361	-1
47	527	361	-1
47	512	361	-1
47	497	361	-1
47	482	361	-1
47	467	361	-1
47	452	361	-1
47	437	361	-1
47	422	361	-1
47	407	361	-1
47	392	361	-1
47	377	361	-1
47	362	361	-1
47	347	361	-1
47	332	361	-1
47	317	361	-1
47	302	361	-1
47	287	13	13
47	272	12	13
47	257	12	13
47	242	12	13
47	227	12	13
47	212	12	13
47	197	12	13
47	182	12	13
47	167	12	13
47	152	12	13
47	137	12	13
47	122	12	13
47	107	12	13
47	92	12	13
47	77	12	13
47	62	12	13
47	47	12	13
47	32	12	13
47	17	12	13
47	2	12	13
47	-12	12	13
47	-27	12	13
47	-42	12	13
47	-57	12	13
47	-72	12	13
47	-87	12	13
47	-102	12	13
47	-117	12	13
47	-132	12	13
47	-147	12	13
47	-162	12	13
47	-177	12	13
47	-192	12	13
47	-207	12	13
47	-222	12	13
47	-237	12	13
47	-252	12	13
47	-267	12	13
47	-282	12	13
47	-297	361	-1
47	-312	361	-1
47	-327	361	-1
47	-342	361	-1
47	-357	361	-1
47	-372	361	-1
47	-387	361	-1
47	-402	361	-1
47	-417	361	-1
47	-432	361	-1
47	-447	361	-1
47	-462	361	-1
47	-477	361	-1
47	-492	361	-1
47	-507	361	-1
47	-522	361	-1
47	-537	361	-1
47	-552	361	-1
47	-567	361	-1
48	632	361	-1
48	617	361	-1
48	602	361	-1
48	587	361	-1
48	572	361	-1
48	557	361	-1
48	542	361	-1
48	527	361	-1
48	512	361	-1
48	497	361	-1
48	482	361	-1
48	467	361	-1
48	452	361	-1
48	437	361	-1
48	422	361	-1
48	407	361	-1
48	392	361	-1
48	377	361	-1
48	362	361	-1
48	347	361	-1
48	332	361	-1
48	317	361	-1
48	302	361	-1
48	287	14	10
48	272	14	10
48	257	14	10
48	242	14	10
48	227	14	10
48	212	14	10
48	197	14	10
48	182	14	10
48	167	14	10
48	152	14	10
48	137	14	10
48	122	14	10
48	107	14	10
48	92	14	10
48	77	14	10
48	62	14	10
48	47	14	10
48	32	14	10
48	17	14	10
48	2	14	10
48	-12	14	10
48	-27	14	10
48	-42	12	10
48	-57	14	10
48	-72	14	10
48	-87	14	10
48	-102	14	10
48	-117	14	10
48	-132	14	10
48	-147	14	10
48	-162	13	10
48	-177	14	10
48	-192	14	10
48	-207	14	10
48	-222	14	10
48	-237	14	10
48	-252	14	10
48	-267	14	10
48	-282	14	10
48	-297	361	-1
48	-312	361	-1
48	-327	361	-1
48	-342	361	-1
48	-357	361	-1
48	-372	361	-1
48	-387	361	-1
48	-402	361	-1
48	-417	361	-1
48	-432	361	-1
48	-447	361	-1
48	-462	361	-1
48	-477	361	-1
48	-492	361	-1
48	-507	361	-1
48	-522	361	-1
48	-537	361	-1
48	-552	361	-1
48	-567	361	-1
49	632	361	-1
49	617	361	-1
49	602	361	-1
49	587	361	-1
49	572	361	-1
49	557	361	-1
49	542	361	-1
49	527	361	-1
49	512	361	-1
49	497	361	-1
49	482	361	-1
49	467	361	-1
49	452	361	-1
49	437	361	-1
49	422	361	-1
49	407	361	-1
49	392	361	-1
49	377	361	-1
49	362	361	-1
49	347	361	-1
49	332	361	-1
49	317	361	-1
49	302	361	-1
49	287	14	10
49	272	14	10
49	257	14	10
49	242	14	10
49	227	14	10
49	212	14	10
49	197	14	10
49	182	14	10
49	167	14	10
49	152	14	10
49	137	14	10
49	122	14	10
49	107	14	10
49	92	14	10
49	77	14	10
49	62	14	10
49	47	14	10
49	32	14	10
49	17	14	10
49	2	14	10
49	-12	14	10
49	-27	14	10
49	-42	14	10
49	-57	14	10
49	-72	14	10
49	-87	14	10
49	-102	14	10
49	-117	14	10
49	-132	14	10
49	-147	14	10
49	-162	14	10
49	-177	14	10
49	-192	14	10
49	-207	14	10
49	-222	14	10
49	-237	14	10
49	-252	14	10
49	-267	14	10
49	-282	14	10
49	-297	14	-1
49	-312	361	-1
49	-327	361	-1
49	-342	361	-1
49	-357	361	-1
49	-372	361	-1
49	-387	361	-1
49	-402	361	-1
49	-417	361	-1
49	-432	361	-1
49	-447	361	-1
49	-462	361	-1
49	-477	361	-1
49	-492	361	-1
49	-507	361	-1
49	-522	361	-1
49	-537	361	-1
49	-552	361	-1
49	-567	361	-1
50	632	361	-1
50	617	361	-1
50	602	361	-1
50	587	361	-1
50	572	361	-1
50	557	361	-1
50	542	361	-1
50	527	361	-1
50	512	361	-1
50	497	361	-1
50	482	361	-1
50	467	361	-1
50	452	361	-1
50	437	361	-1
50	422	361	-1
50	407	361	-1
50	392	361	-1
50	377	361	-1
50	362	361	-1
50	347	361	-1
50	332	361	-1
50	317	361	-1
50	302	361	-1
50	287	14	10
50	272	14	10
50	257	14	10
50	242	14	10
50	227	14	10
50	212	14	10
50	197	14	10
50	182	14	10
50	167	14	10
50	152	14	10
50	137	14	10
50	122	14	10
50	107	14	10
50	92	14	10
50	77	14	10
50	62	14	10
50	47	14	10
50	32	14	10
50	17	14	10
50	2	14	10
50	-12	14	10
50	-27	14	10
50	-42	14	10
50	-57	14	10
50	-72	14	10
50	-87	14	10
50	-102	14	10
50	-117	14	10
50	-132	14	10
50	-147	14	10
50	-162	14	10
50	-177	14	10
50	-192	14	10
50	-207	14	10
50	-222	14	10
50	-237	14	10
50	-252	14	10
50	-267	14	10
50	-282	14	10
50	-297	361	-1
50	-312	361	-1
50	-327	361	-1
50	-342	361	-1
50	-357	361	-1
50	-372	361	-1
50	-387	361	-1
50	-402	361	-1
50	-417	361	-1
50	-432	361	-1
50	-447	361	-1
50	-462	361	-1
50	-477	361	-1
50	-492	361	-1
50	-507	361	-1
50	-522	361	-1
50	-537	361	-1
50	-552	361	-1
50	-567	361	-1
51	632	361	-1
51	617	361	-1
51	602	361	-1
51	587	361	-1
51	572	361	-1
51	557	361	-1
51	542	361	-1
51	527	361	-1
51	512	361	-1
51	497	361	-1
51	482	361	-1
51	467	361	-1
51	452	361	-1
51	437	361	-1
51	422	361	-1
51	407	361	-1
51	392	361	-1
51	377	361	-1
51	362	361	-1
51	347	361	-1
51	332	361	-1
51	317	361	-1
51	302	361	-1
51	287	13	12
51	272	11	12
51	257	11	12
51	242	11	12
51	227	11	12
51	212	11	12
51	197	11	12
51	182	11	12
51	167	11	12
51	152	11	12
51	137	11	12
51	122	11	12
51	107	11	12
51	92	11	12
51	77	11	12
51	62	11	12
51	47	11	12
51	32	11	12
51	17	11	12
51	2	11	12
51	-12	11	12
51	-27	11	12
51	-42	11	12
51	-57	11	12
51	-72	11	12
51	-87	11	12
51	-102	11	12
51	-117	11	12
51	-132	11	12
51	-147	11	12
51	-162	11	12
51	-177	11	12
51	-192	11	12
51	-207	11	12
51	-222	11	12
51	-237	11	12
51	-252	11	12
51	-267	11	12
51	-282	11	12
51	-297	11	-1
51	-312	361	-1
51	-327	361	-1
51	-342	361	-1
51	-357	361	-1
51	-372	361	-1
51	-387	361	-1
51	-402	361	-1
51	-417	361	-1
51	-432	361	-1
51	-447	361	-1
51	-462	361	-1
51	-477	361	-1
51	-492	361	-1
51	-507	361	-1
51	-522	361	-1
51	-537	361	-1
51	-552	361	-1
51	-567	361	-1
52	632	361	-1
52	617	361	-1
52	602	361	-1
52	587	361	-1
52	572	361	-1
52	557	361	-1
52	542	361	-1
52	527	361	-1
52	512	361	-1
52	497	361	-1
52	482	361	-1
52	467	361	-1
52	452	361	-1
52	437	361	-1
52	422	361	-1
52	407	361	-1
52	392	361	-1
52	377	361	-1
52	362	361	-1
52	347	361	-1
52	332	361	-1
52	317	361	-1
52	302	361	-1
52	287	11	12
52	272	11	9
52	257	12	9
52	242	13	9
52	227	11	10
52	212	12	10
52	197	13	9
52	182	11	9
52	167	13	10
52	152	13	9
52	137	13	9
52	122	13	9
52	107	12	9
52	92	11	9
52	77	13	10
52	62	11	9
52	47	12	9
52	32	13	9
52	17	13	9
52	2	11	9
52	-12	13	12
52	-27	13	10
52	-42	11	10
52	-57	12	10
52	-72	11	10
52	-87	13	10
52	-102	13	9
52	-117	11	9
52	-132	12	9
52	-147	13	10
52	-162	13	9
52	-177	13	10
52	-192	13	12
52	-207	11	10
52	-222	13	10
52	-237	12	9
52	-252	12	9
52	-267	11	10
52	-282	11	10
52	-297	12	-1
52	-312	361	-1
52	-327	361	-1
52	-342	361	-1
52	-357	361	-1
52	-372	361	-1
52	-387	361	-1
52	-402	361	-1
52	-417	361	-1
52	-432	361	-1
52	-447	361	-1
52	-462	361	-1
52	-477	361	-1
52	-492	361	-1
52	-507	361	-1
52	-522	361	-1
52	-537	361	-1
52	-552	361	-1
52	-567	361	-1
53	632	361	-1
53	617	361	-1
53	602	361	-1
53	587	361	-1
53	572	361	-1
53	557	361	-1
53	542	361	-1
53	527	361	-1
53	512	361	-1
53	497	361	-1
53	482	361	-1
53	467	361	-1
53	452	361	-1
53	437	361	-1
53	422	361	-1
53	407	361	-1
53	392	361	-1
53	377	361	-1
53	362	361	-1
53	347	361	-1
53	332	361	-1
53	317	361	-1
53	302	361	-1
53	287	13	9
53	272	13	9
53	257	13	9
53	242	13	9
53	227	13	9
53	212	13	9
53	197	13	9
53	182	13	9
53	167	13	9
53	152	13	9
53	137	13	9
53	122	13	9
53	107	13	9
53	92	13	9
53	77	13	9
53	62	13	9
53	47	13	9
53	32	13	9
53	17	13	9
53	2	13	9
53	-12	13	9
53	-27	13	9
53	-42	13	9
53	-57	13	9
53	-72	13	9
53	-87	13	9
53	-102	13	9
53	-117	13	9
53	-132	13	9
53	-147	13	9
53	-162	13	9
53	-177	13	9
53	-192	13	9
53	-207	13	9
53	-222	13	9
53	-237	13	9
53	-252	13	9
53	-267	13	9
53	-282	13	9
53	-297	361	-1
53	-312	361	-1
53	-327	361	-1
53	-342	361	-1
53	-357	361	-1
53	-372	361	-1
53	-387	361	-1
53	-402	361	-1
53	-417	361	-1
53	-432	361	-1
53	-447	361	-1
53	-462	361	-1
53	-477	361	-1
53	-492	361	-1
53	-507	361	-1
53	-522	361	-1
53	-537	361	-1
53	-552	361	-1
53	-567	361	-1
54	632	361	-1
54	617	361	-1
54	602	361	-1
54	587	361	-1
54	572	361	-1
54	557	361	-1
54	542	361	-1
54	527	361	-1
54	512	361	-1
54	497	361	-1
54	482	361	-1
54	467	361	-1
54	452	361	-1
54	437	361	-1
54	422	361	-1
54	407	361	-1
54	392	361	-1
54	377	361	-1
54	362	361	-1
54	347	361	-1
54	332	361	-1
54	317	361	-1
54	302	361	-1
54	287	13	9
54	272	13	9
54	257	13	9
54	242	13	9
54	227	13	9
54	212	13	9
54	197	13	9
54	182	13	9
54	167	13	9
54	152	13	9
54	137	13	9
54	122	13	9
54	107	13	9
54	92	13	9
54	77	13	9
54	62	13	9
54	47	13	9
54	32	13	9
54	17	13	9
54	2	13	9
54	-12	13	9
54	-27	13	9
54	-42	13	9
54	-57	13	9
54	-72	13	9
54	-87	13	9
54	-102	13	9
54	-117	13	9
54	-132	13	9
54	-147	13	9
54	-162	13	9
54	-177	13	9
54	-192	13	9
54	-207	13	9
54	-222	13	9
54	-237	13	9
54	-252	13	9
54	-267	13	9
54	-282	13	9
54	-297	361	-1
54	-312	361	-1
54	-327	361	-1
54	-342	361	-1
54	-357	361	-1
54	-372	361	-1
54	-387	361	-1
54	-402	361	-1
54	-417	361	-1
54	-432	361	-1
54	-447	361	-1
54	-462	361	-1
54	-477	361	-1
54	-492	361	-1
54	-507	361	-1
54	-522	361	-1
54	-537	361	-1
54	-552	361	-1
54	-567	361	-1
55	632	361	-1
55	617	361	-1
55	602	361	-1
55	587	361	-1
55	572	361	-1
55	557	361	-1
55	542	361	-1
55	527	361	-1
55	512	361	-1
55	497	361	-1
55	482	361	-1
55	467	361	-1
55	452	361	-1
55	437	361	-1
55	422	361	-1
55	407	361	-1
55	392	361	-1
55	377	361	-1
55	362	361	-1
55	347	361	-1
55	332	361	-1
55	317	361	-1
55	302	361	-1
55	287	13	9
55	272	13	9
55	257	13	9
55	242	13	9
55	227	13	9
55	212	13	9
55	197	13	9
55	182	13	9
55	167	13	9
55	152	13	9
55	137	13	9
55	122	13	9
55	107	13	9
55	92	13	9
55	77	13	9
55	62	13	9
55	47	13	9
55	32	13	9
55	17	13	9
55	2	13	9
55	-12	13	9
55	-27	13	9
55	-42	13	9
55	-57	13	9
55	-72	13	10
55	-87	13	9
55	-102	12	10
55	-117	13	9
55	-132	13	9
55	-147	13	9
55	-162	13	9
55	-177	12	9
55	-192	13	9
55	-207	13	9
55	-222	13	9
55	-237	13	9
55	-252	13	9
55	-267	13	9
55	-282	13	10
55	-297	361	-1
55	-312	361	-1
55	-327	361	-1
55	-342	361	-1
55	-357	361	-1
55	-372	361	-1
55	-387	361	-1
55	-402	361	-1
55	-417	361	-1
55	-432	361	-1
55	-447	361	-1
55	-462	361	-1
55	-477	361	-1
55	-492	361	-1
55	-507	361	-1
55	-522	361	-1
55	-537	361	-1
55	-552	361	-1
55	-567	361	-1
56	632	361	-1
56	617	361	-1
56	602	361	-1
56	587	361	-1
56	572	361	-1
56	557	361	-1
56	542	361	-1
56	527	361	-1
56	512	361	-1
56	497	361	-1
56	482	361	-1
56	467	361	-1
56	452	361	-1
56	437	361	-1
56	422	361	-1
56	407	361	-1
56	392	361	-1
56	377	361	-1
56	362	361	-1
56	347	361	-1
56	332	361	-1
56	317	361	-1
56	302	361	-1
56	287	10	10
56	272	10	11
56	257	10	11
56	242	10	11
56	227	10	11
56	212	10	11
56	197	10	11
56	182	10	11
56	167	10	11
56	152	10	11
56	137	10	11
56	122	10	11
56	107	10	11
56	92	10	11
56	77	10	11
56	62	10	11
56	47	10	11
56	32	10	11
56	17	10	11
56	2	10	11
56	-12	10	11
56	-27	10	11
56	-42	10	11
56	-57	10	11
56	-72	10	11
56	-87	10	11
56	-102	10	11
56	-117	10	11
56	-132	10	11
56	-147	10	11
56	-162	10	11
56	-177	10	11
56	-192	10	11
56	-207	10	11
56	-222	10	11
56	-237	10	11
56	-252	10	11
56	-267	10	11
56	-282	10	11
56	-297	361	-1
56	-312	361	-1
56	-327	361	-1
56	-342	361	-1
56	-357	361	-1
56	-372	361	-1
56	-387	361	-1
56	-402	361	-1
56	-417	361	-1
56	-432	361	-1
56	-447	361	-1
56	-462	361	-1
56	-477	361	-1
56	-492	361	-1
56	-507	361	-1
56	-522	361	-1
56	-537	361	-1
56	-552	361	-1
56	-567	361	-1
57	632	361	-1
57	617	361	-1
57	602	361	-1
57	587	361	-1
57	572	361	-1
57	557	361	-1
57	542	361	-1
57	527	361	-1
57	512	361	-1
57	497	361	-1
57	482	361	-1
57	467	361	-1
57	452	361	-1
57	437	361	-1
57	422	361	-1
57	407	361	-1
57	392	361	-1
57	377	361	-1
57	362	361	-1
57	347	361	-1
57	332	361	-1
57	317	361	-1
57	302	361	-1
57	287	10	9
57	272	10	11
57	257	10	11
57	242	11	11
57	227	10	11
57	212	10	9
57	197	10	11
57	182	10	9
57	167	10	11
57	152	10	11
57	137	10	11
57	122	10	11
57	107	10	11
57	92	11	11
57	77	10	11
57	62	10	11
57	47	10	11
57	32	10	11
57	17	10	11
57	2	10	11
57	-12	10	11
57	-27	12	11
57	-42	10	11
57	-57	12	11
57	-72	10	11
57	-87	10	11
57	-102	10	11
57	-117	10	11
57	-132	10	11
57	-147	10	11
57	-162	10	11
57	-177	10	11
57	-192	10	11
57	-207	10	9
57	-222	10	11
57	-237	10	11
57	-252	11	11
57	-267	10	11
57	-282	10	11
57	-297	361	-1
57	-312	361	-1
57	-327	361	-1
57	-342	361	-1
57	-357	361	-1
57	-372	361	-1
57	-387	361	-1
57	-402	361	-1
57	-417	361	-1
57	-432	361	-1
57	-447	361	-1
57	-462	361	-1
57	-477	361	-1
57	-492	361	-1
57	-507	361	-1
57	-522	361	-1
57	-537	361	-1
57	-552	361	-1
57	-567	361	-1
58	632	361	-1
58	617	361	-1
58	602	361	-1
58	587	361	-1
58	572	361	-1
58	557	361	-1
58	542	361	-1
58	527	361	-1
58	512	361	-1
58	497	361	-1
58	482	361	-1
58	467	361	-1
58	452	361	-1
58	437	361	-1
58	422	361	-1
58	407	361	-1
58	392	361	-1
58	377	361	-1
58	362	361	-1
58	347	361	-1
58	332	361	-1
58	317	361	-1
58	302	361	-1
58	287	11	8
58	272	12	8
58	257	12	8
58	242	12	8
58	227	12	8
58	212	12	8
58	197	12	8
58	182	12	8
58	167	12	8
58	152	12	8
58	137	12	8
58	122	12	8
58	107	12	8
58	92	12	8
58	77	12	8
58	62	12	8
58	47	12	8
58	32	12	8
58	17	12	8
58	2	12	8
58	-12	12	8
58	-27	12	8
58	-42	12	8
58	-57	12	8
58	-72	12	8
58	-87	12	8
58	-102	12	8
58	-117	12	8
58	-132	12	8
58	-147	12	8
58	-162	12	8
58	-177	12	8
58	-192	12	8
58	-207	12	8
58	-222	11	8
58	-237	12	8
58	-252	12	8
58	-267	12	8
58	-282	12	8
58	-297	361	-1
58	-312	361	-1
58	-327	361	-1
58	-342	361	-1
58	-357	361	-1
58	-372	361	-1
58	-387	361	-1
58	-402	361	-1
58	-417	361	-1
58	-432	361	-1
58	-447	361	-1
58	-462	361	-1
58	-477	361	-1
58	-492	361	-1
58	-507	361	-1
58	-522	361	-1
58	-537	361	-1
58	-552	361	-1
58	-567	361	-1
59	632	361	-1
59	617	361	-1
59	602	361	-1
59	587	361	-1
59	572	361	-1
59	557	361	-1
59	542	361	-1
59	527	361	-1
59	512	361	-1
59	497	361	-1
59	482	361	-1
59	467	361	-1
59	452	361	-1
59	437	361	-1
59	422	361	-1
59	407	361	-1
59	392	361	-1
59	377	361	-1
59	362	361	-1
59	347	361	-1
59	332	361	-1
59	317	361	-1
59	302	361	-1
59	287	12	8
59	272	12	8
59	257	12	8
59	242	12	8
59	227	12	8
59	212	12	8
59	197	12	8
59	182	12	8
59	167	12	8
59	152	12	8
59	137	12	8
59	122	12	8
59	107	12	8
59	92	12	8
59	77	12	8
59	62	12	8
59	47	12	8
59	32	12	8
59	17	12	8
59	2	12	8
59	-12	12	8
59	-27	12	8
59	-42	12	8
59	-57	12	8
59	-72	12	8
59	-87	12	8
59	-102	12	8
59	-117	12	8
59	-132	12	8
59	-147	12	8
59	-162	12	8
59	-177	12	8
59	-192	12	8
59	-207	12	8
59	-222	12	8
59	-237	12	8
59	-252	12	8
59	-267	12	8
59	-282	12	8
59	-297	361	-1
59	-312	361	-1
59	-327	361	-1
59	-342	361	-1
59	-357	361	-1
59	-372	361	-1
59	-387	361	-1
59	-402	361	-1
59	-417	361	-1
59	-432	361	-1
59	-447	361	-1
59	-462	361	-1
59	-477	361	-1
59	-492	361	-1
59	-507	361	-1
59	-522	361	-1
59	-537	361	-1
59	-552	361	-1
59	-567	361	-1
60	632	361	-1
60	617	361	-1
60	602	361	-1
60	587	361	-1
60	572	361	-1
60	557	361	-1
60	542	361	-1
60	527	361	-1
60	512	361	-1
60	497	361	-1
60	482	361	-1
60	467	361	-1
60	452	361	-1
60	437	361	-1
60	422	361	-1
60	407	361	-1
60	392	361	-1
60	377	361	-1
60	362	361	-1
60	347	361	-1
60	332	361	-1
60	317	361	-1
60	302	361	-1
60	287	12	8
60	272	12	8
60	257	12	8
60	242	12	8
60	227	12	8
60	212	12	8
60	197	12	8
60	182	12	8
60	167	12	8
60	152	12	8
60	137	12	8
60	122	12	8
60	107	12	8
60	92	12	8
60	77	12	8
60	62	12	8
60	47	12	8
60	32	12	8
60	17	12	8
60	2	12	8
60	-12	12	8
60	-27	12	8
60	-42	12	8
60	-57	12	8
60	-72	12	8
60	-87	12	8
60	-102	12	8
60	-117	12	8
60	-132	12	8
60	-147	12	8
60	-162	12	8
60	-177	12	8
60	-192	12	8
60	-207	12	8
60	-222	12	8
60	-237	12	8
60	-252	12	8
60	-267	12	8
60	-282	12	8
60	-297	361	-1
60	-312	361	-1
60	-327	361	-1
60	-342	361	-1
60	-357	361	-1
60	-372	361	-1
60	-387	361	-1
60	-402	361	-1
60	-417	361	-1
60	-432	361	-1
60	-447	361	-1
60	-462	361	-1
60	-477	361	-1
60	-492	361	-1
60	-507	361	-1
60	-522	361	-1
60	-537	361	-1
60	-552	361	-1
60	-567	361	-1
61	632	361	-1
61	617	361	-1
61	602	361	-1
61	587	361	-1
61	572	361	-1
61	557	361	-1
61	542	361	-1
61	527	361	-1
61	512	361	-1
61	497	361	-1
61	482	361	-1
61	467	361	-1
61	452	361	-1
61	437	361	-1
61	422	361	-1
61	407	361	-1
61	392	361	-1
61	377	361	-1
61	362	361	-1
61	347	361	-1
61	332	361	-1
61	317	361	-1
61	302	361	-1
61	287	11	8
61	272	12	10
61	257	12	10
61	242	11	8
61	227	11	8
61	212	12	8
61	197	12	8
61	182	11	10
61	167	12	8
61	152	11	10
61	137	12	8
61	122	12	10
61	107	12	8
61	92	11	8
61	77	9	8
61	62	12	8
61	47	11	10
61	32	12	9
61	17	11	8
61	2	12	8
61	-12	12	10
61	-27	11	9
61	-42	11	8
61	-57	12	8
61	-72	9	8
61	-87	12	10
61	-102	11	8
61	-117	9	8
61	-132	12	8
61	-147	12	10
61	-162	11	9
61	-177	12	8
61	-192	12	8
61	-207	12	10
61	-222	11	8
61	-237	11	8
61	-252	9	8
61	-267	12	8
61	-282	10	10
61	-297	361	-1
61	-312	361	-1
61	-327	361	-1
61	-342	361	-1
61	-357	361	-1
61	-372	361	-1
61	-387	361	-1
61	-402	361	-1
61	-417	361	-1
61	-432	361	-1
61	-447	361	-1
61	-462	361	-1
61	-477	361	-1
61	-492	361	-1
61	-507	361	-1
61	-522	361	-1
61	-537	361	-1
61	-552	361	-1
61	-567	361	-1
62	632	361	-1
62	617	361	-1
62	602	361	-1
62	587	361	-1
62	572	361	-1
62	557	361	-1
62	542	361	-1
62	527	361	-1
62	512	361	-1
62	497	361	-1
62	482	361	-1
62	467	361	-1
62	452	361	-1
62	437	361	-1
62	422	361	-1
62	407	361	-1
62	392	361	-1
62	377	361	-1
62	362	361	-1
62	347	361	-1
62	332	361	-1
62	317	361	-1
62	302	361	-1
62	287	9	10
62	272	9	10
62	257	9	10
62	242	9	10
62	227	9	10
62	212	9	10
62	197	9	10
62	182	9	10
62	167	9	10
62	152	9	10
62	137	9	10
62	122	9	10
62	107	9	10
62	92	9	10
62	77	9	10
62	62	9	10
62	47	9	10
62	32	9	10
62	17	9	10
62	2	9	10
62	-12	9	10
62	-27	9	10
62	-42	9	10
62	-57	9	10
62	-72	9	10
62	-87	9	10
62	-102	9	10
62	-117	9	10
62	-132	9	10
62	-147	9	10
62	-162	9	10
62	-177	9	10
62	-192	9	10
62	-207	9	10
62	-222	9	10
62	-237	9	10
62	-252	9	10
62	-267	9	10
62	-282	9	10
62	-297	361	-1
62	-312	361	-1
62	-327	361	-1
62	-342	361	-1
62	-357	361	-1
62	-372	361	-1
62	-387	361	-1
62	-402	361	-1
62	-417	361	-1
62	-432	361	-1
62	-447	361	-1
62	-462	361	-1
62	-477	361	-1
62	-492	361	-1
62	-507	361	-1
62	-522	361	-1
62	-537	361	-1
62	-552	361	-1
62	-567	361	-1
63	632	361	-1
63	617	361	-1
63	602	361	-1
63	587	361	-1
63	572	361	-1
63	557	361	-1
63	542	361	-1
63	527	361	-1
63	512	361	-1
63	497	361	-1
63	482	361	-1
63	467	361	-1
63	452	361	-1
63	437	361	-1
63	422	361	-1
63	407	361	-1
63	392	361	-1
63	377	361	-1
63	362	361	-1
63	347	361	-1
63	332	361	-1
63	317	361	-1
63	302	361	-1
63	287	9	10
63	272	9	10
63	257	9	10
63	242	9	10
63	227	9	10
63	212	9	10
63	197	9	10
63	182	9	10
63	167	9	10
63	152	9	10
63	137	9	10
63	122	9	10
63	107	9	10
63	92	9	10
63	77	9	10
63	62	9	10
63	47	9	10
63	32	9	10
63	17	9	10
63	2	9	10
63	-12	9	10
63	-27	9	10
63	-42	9	10
63	-57	9	10
63	-72	9	10
63	-87	9	10
63	-102	9	10
63	-117	9	10
63	-132	9	10
63	-147	9	10
63	-162	9	10
63	-177	9	10
63	-192	9	10
63	-207	9	10
63	-222	9	10
63	-237	9	10
63	-252	9	10
63	-267	9	10
63	-282	9	10
63	-297	361	-1
63	-312	361	-1
63	-327	361	-1
63	-342	361	-1
63	-357	361	-1
63	-372	361	-1
63	-387	361	-1
63	-402	361	-1
63	-417	361	-1
63	-432	361	-1
63	-447	361	-1
63	-462	361	-1
63	-477	361	-1
63	-492	361	-1
63	-507	361	-1
63	-522	361	-1
63	-537	361	-1
63	-552	361	-1
63	-567	361	-1
64	632	361	-1
64	617	361	-1
64	602	361	-1
64	587	361	-1
64	572	361	-1
64	557	361	-1
64	542	361	-1
64	527	361	-1
64	512	361	-1
64	497	361	-1
64	482	361	-1
64	467	361	-1
64	452	361	-1
64	437	361	-1
64	422	361	-1
64	407	361	-1
64	392	361	-1
64	377	361	-1
64	362	361	-1
64	347	361	-1
64	332	361	-1
64	317	361	-1
64	302	361	-1
64	287	9	7
64	272	11	7
64	257	11	7
64	242	11	7
64	227	11	7
64	212	11	7
64	197	11	7
64	182	11	7
64	167	11	7
64	152	11	7
64	137	11	7
64	122	11	7
64	107	11	7
64	92	11	7
64	77	9	8
64	62	9	7
64	47	11	7
64	32	11	7
64	17	11	7
64	2	11	7
64	-12	11	7
64	-27	11	7
64	-42	11	7
64	-57	11	7
64	-72	11	7
64	-87	11	7
64	-102	11	7
64	-117	11	7
64	-132	11	7
64	-147	11	7
64	-162	11	7
64	-177	11	7
64	-192	11	8
64	-207	11	7
64	-222	11	7
64	-237	11	8
64	-252	11	7
64	-267	11	7
64	-282	11	7
64	-297	361	-1
64	-312	361	-1
64	-327	361	-1
64	-342	361	-1
64	-357	361	-1
64	-372	361	-1
64	-387	361	-1
64	-402	361	-1
64	-417	361	-1
64	-432	361	-1
64	-447	361	-1
64	-462	361	-1
64	-477	361	-1
64	-492	361	-1
64	-507	361	-1
64	-522	361	-1
64	-537	361	-1
64	-552	361	-1
64	-567	361	-1
65	632	361	-1
65	617	361	-1
65	602	361	-1
65	587	361	-1
65	572	361	-1
65	557	361	-1
65	542	361	-1
65	527	361	-1
65	512	361	-1
65	497	361	-1
65	482	361	-1
65	467	361	-1
65	452	361	-1
65	437	361	-1
65	422	361	-1
65	407	361	-1
65	392	361	-1
65	377	361	-1
65	362	361	-1
65	347	361	-1
65	332	361	-1
65	317	361	-1
65	302	361	-1
65	287	11	7
65	272	11	7
65	257	11	7
65	242	11	7
65	227	11	7
65	212	11	7
65	197	11	7
65	182	11	7
65	167	11	7
65	152	11	7
65	137	11	7
65	122	11	7
65	107	11	7
65	92	11	7
65	77	11	7
65	62	11	7
65	47	11	7
65	32	11	7
65	17	11	7
65	2	11	7
65	-12	11	7
65	-27	11	7
65	-42	11	7
65	-57	11	7
65	-72	11	7
65	-87	11	7
65	-102	11	7
65	-117	11	7
65	-132	11	7
65	-147	11	7
65	-162	11	7
65	-177	11	7
65	-192	11	7
65	-207	11	7
65	-222	11	7
65	-237	11	7
65	-252	11	7
65	-267	11	7
65	-282	11	7
65	-297	361	-1
65	-312	361	-1
65	-327	361	-1
65	-342	361	-1
65	-357	361	-1
65	-372	361	-1
65	-387	361	-1
65	-402	361	-1
65	-417	361	-1
65	-432	361	-1
65	-447	361	-1
65	-462	361	-1
65	-477	361	-1
65	-492	361	-1
65	-507	361	-1
65	-522	361	-1
65	-537	361	-1
65	-552	361	-1
65	-567	361	-1
66	632	361	-1
66	617	361	-1
66	602	361	-1
66	587	361	-1
66	572	361	-1
66	557	361	-1
66	542	361	-1
66	527	361	-1
66	512	361	-1
66	497	361	-1
66	482	361	-1
66	467	361	-1
66	452	361	-1
66	437	361	-1
66	422	361	-1
66	407	361	-1
66	392	361	-1
66	377	361	-1
66	362	361	-1
66	347	361	-1
66	332	361	-1
66	317	361	-1
66	302	361	-1
66	287	11	7
66	272	11	7
66	257	11	7
66	242	11	7
66	227	11	7
66	212	11	7
66	197	11	7
66	182	11	7
66	167	11	7
66	152	11	7
66	137	11	7
66	122	11	7
66	107	11	7
66	92	11	7
66	77	11	7
66	62	11	7
66	47	11	7
66	32	11	7
66	17	11	7
66	2	11	7
66	-12	11	7
66	-27	11	7
66	-42	11	7
66	-57	11	7
66	-72	11	7
66	-87	11	7
66	-102	11	7
66	-117	11	7
66	-132	11	7
66	-147	11	7
66	-162	11	7
66	-177	11	7
66	-192	11	7
66	-207	11	7
66	-222	11	7
66	-237	11	7
66	-252	11	7
66	-267	11	7
66	-282	11	7
66	-297	361	-1
66	-312	361	-1
66	-327	361	-1
66	-342	361	-1
66	-357	361	-1
66	-372	361	-1
66	-387	361	-1
66	-402	361	-1
66	-417	361	-1
66	-432	361	-1
66	-447	361	-1
66	-462	361	-1
66	-477	361	-1
66	-492	361	-1
66	-507	361	-1
66	-522	361	-1
66	-537	361	-1
66	-552	361	-1
66	-567	361	-1
67	632	361	-1
67	617	361	-1
67	602	361	-1
67	587	361	-1
67	572	361	-1
67	557	361	-1
67	542	361	-1
67	527	361	-1
67	512	361	-1
67	497	361	-1
67	482	361	-1
67	467	361	-1
67	452	361	-1
67	437	361	-1
67	422	361	-1
67	407	361	-1
67	392	361	-1
67	377	361	-1
67	362	361	-1
67	347	361	-1
67	332	361	-1
67	317	361	-1
67	302	361	-1
67	287	11	7
67	272	11	7
67	257	11	7
67	242	11	7
67	227	11	7
67	212	11	7
67	197	11	7
67	182	11	7
67	167	11	7
67	152	11	7
67	137	11	7
67	122	11	7
67	107	11	7
67	92	11	7
67	77	11	7
67	62	11	7
67	47	11	7
67	32	11	7
67	17	11	7
67	2	11	7
67	-12	11	7
67	-27	11	7
67	-42	11	7
67	-57	11	7
67	-72	11	7
67	-87	11	7
67	-102	11	7
67	-117	11	7
67	-132	11	7
67	-147	11	7
67	-162	11	7
67	-177	11	7
67	-192	11	7
67	-207	11	7
67	-222	11	7
67	-237	11	7
67	-252	11	7
67	-267	11	7
67	-282	11	7
67	-297	361	-1
67	-312	361	-1
67	-327	361	-1
67	-342	361	-1
67	-357	361	-1
67	-372	361	-1
67	-387	361	-1
67	-402	361	-1
67	-417	361	-1
67	-432	361	-1
67	-447	361	-1
67	-462	361	-1
67	-477	361	-1
67	-492	361	-1
67	-507	361	-1
67	-522	361	-1
67	-537	361	-1
67	-552	361	-1
67	-567	361	-1
68	632	361	-1
68	617	361	-1
68	602	361	-1
68	587	361	-1
68	572	361	-1
68	557	361	-1
68	542	361	-1
68	527	361	-1
68	512	361	-1
68	497	361	-1
68	482	361	-1
68	467	361	-1
68	452	361	-1
68	437	361	-1
68	422	361	-1
68	407	361	-1
68	392	361	-1
68	377	361	-1
68	362	361	-1
68	347	361	-1
68	332	361	-1
68	317	361	-1
68	302	361	-1
68	287	11	7
68	272	10	7
68	257	10	7
68	242	10	7
68	227	11	7
68	212	11	7
68	197	11	7
68	182	11	7
68	167	10	7
68	152	11	8
68	137	11	7
68	122	11	7
68	107	11	7
68	92	11	7
68	77	10	7
68	62	11	7
68	47	11	7
68	32	11	7
68	17	11	7
68	2	10	8
68	-12	11	7
68	-27	11	7
68	-42	11	7
68	-57	10	7
68	-72	11	9
68	-87	10	8
68	-102	11	9
68	-117	11	9
68	-132	11	7
68	-147	11	7
68	-162	11	7
68	-177	10	7
68	-192	11	7
68	-207	11	7
68	-222	11	7
68	-237	11	7
68	-252	11	7
68	-267	11	7
68	-282	361	7
68	-297	361	-1
68	-312	361	-1
68	-327	361	-1
68	-342	361	-1
68	-357	361	-1
68	-372	361	-1
68	-387	361	-1
68	-402	361	-1
68	-417	361	-1
68	-432	361	-1
68	-447	361	-1
68	-462	361	-1
68	-477	361	-1
68	-492	361	-1
68	-507	361	-1
68	-522	361	-1
68	-537	361	-1
68	-552	361	-1
68	-567	361	-1
69	632	361	-1
69	617	361	-1
69	602	361	-1
69	587	361	-1
69	572	361	-1
69	557	361	-1
69	542	361	-1
69	527	361	-1
69	512	361	-1
69	497	361	-1
69	482	361	-1
69	467	361	-1
69	452	361	-1
69	437	361	-1
69	422	361	-1
69	407	361	-1
69	392	361	-1
69	377	361	-1
69	362	361	-1
69	347	361	-1
69	332	361	-1
69	317	361	-1
69	302	361	-1
69	287	10	9
69	272	8	9
69	257	8	9
69	242	8	9
69	227	8	9
69	212	8	9
69	197	8	9
69	182	8	9
69	167	8	9
69	152	8	9
69	137	8	9
69	122	8	9
69	107	8	9
69	92	8	9
69	77	8	9
69	62	8	9
69	47	8	9
69	32	8	9
69	17	8	9
69	2	8	9
69	-12	8	9
69	-27	8	9
69	-42	8	9
69	-57	8	9
69	-72	8	9
69	-87	8	9
69	-102	8	9
69	-117	8	9
69	-132	8	9
69	-147	8	9
69	-162	8	9
69	-177	8	9
69	-192	8	9
69	-207	8	9
69	-222	8	9
69	-237	8	9
69	-252	8	9
69	-267	8	9
69	-282	8	9
69	-297	361	-1
69	-312	361	-1
69	-327	361	-1
69	-342	361	-1
69	-357	361	-1
69	-372	361	-1
69	-387	361	-1
69	-402	361	-1
69	-417	361	-1
69	-432	361	-1
69	-447	361	-1
69	-462	361	-1
69	-477	361	-1
69	-492	361	-1
69	-507	361	-1
69	-522	361	-1
69	-537	361	-1
69	-552	361	-1
69	-567	361	-1
70	632	361	-1
70	617	361	-1
70	602	361	-1
70	587	361	-1
70	572	361	-1
70	557	361	-1
70	542	361	-1
70	527	361	-1
70	512	361	-1
70	497	361	-1
70	482	361	-1
70	467	361	-1
70	452	361	-1
70	437	361	-1
70	422	361	-1
70	407	361	-1
70	392	361	-1
70	377	361	-1
70	362	361	-1
70	347	361	-1
70	332	361	-1
70	317	361	-1
70	302	361	-1
70	287	8	9
70	272	8	9
70	257	8	9
70	242	8	9
70	227	8	9
70	212	8	9
70	197	8	9
70	182	8	9
70	167	8	9
70	152	8	9
70	137	8	9
70	122	8	9
70	107	8	9
70	92	8	9
70	77	8	9
70	62	8	9
70	47	8	9
70	32	8	9
70	17	8	9
70	2	8	9
70	-12	8	9
70	-27	8	9
70	-42	8	9
70	-57	8	9
70	-72	8	9
70	-87	8	9
70	-102	8	9
70	-117	8	9
70	-132	8	9
70	-147	8	9
70	-162	8	9
70	-177	8	9
70	-192	8	9
70	-207	8	9
70	-222	8	9
70	-237	8	9
70	-252	8	9
70	-267	8	9
70	-282	8	9
70	-297	361	-1
70	-312	361	-1
70	-327	361	-1
70	-342	361	-1
70	-357	361	-1
70	-372	361	-1
70	-387	361	-1
70	-402	361	-1
70	-417	361	-1
70	-432	361	-1
70	-447	361	-1
70	-462	361	-1
70	-477	361	-1
70	-492	361	-1
70	-507	361	-1
70	-522	361	-1
70	-537	361	-1
70	-552	361	-1
70	-567	361	-1
71	632	361	-1
71	617	361	-1
71	602	361	-1
71	587	361	-1
71	572	361	-1
71	557	361	-1
71	542	361	-1
71	527	361	-1
71	512	361	-1
71	497	361	-1
71	482	361	-1
71	467	361	-1
71	452	361	-1
71	437	361	-1
71	422	361	-1
71	407	361	-1
71	392	361	-1
71	377	361	-1
71	362	361	-1
71	347	361	-1
71	332	361	-1
71	317	361	-1
71	302	361	-1
71	287	10	7
71	272	8	7
71	257	10	6
71	242	10	6
71	227	10	6
71	212	8	7
71	197	10	7
71	182	8	9
71	167	10	7
71	152	10	9
71	137	8	7
71	122	10	7
71	107	8	7
71	92	8	6
71	77	10	7
71	62	10	7
71	47	10	9
71	32	8	6
71	17	10	8
71	2	10	7
71	-12	8	9
71	-27	10	9
71	-42	8	7
71	-57	10	9
71	-72	10	7
71	-87	10	7
71	-102	10	7
71	-117	8	7
71	-132	10	7
71	-147	10	6
71	-162	8	8
71	-177	10	7
71	-192	10	9
71	-207	10	7
71	-222	8	7
71	-237	8	7
71	-252	8	9
71	-267	10	7
71	-282	10	7
71	-297	361	-1
71	-312	361	-1
71	-327	361	-1
71	-342	361	-1
71	-357	361	-1
71	-372	361	-1
71	-387	361	-1
71	-402	361	-1
71	-417	361	-1
71	-432	361	-1
71	-447	361	-1
71	-462	361	-1
71	-477	361	-1
71	-492	361	-1
71	-507	361	-1
71	-522	361	-1
71	-537	361	-1
71	-552	361	-1
71	-567	361	-1
72	632	361	-1
72	617	361	-1
72	602	361	-1
72	587	361	-1
72	572	361	-1
72	557	361	-1
72	542	361	-1
72	527	361	-1
72	512	361	-1
72	497	361	-1
72	482	361	-1
72	467	361	-1
72	452	361	-1
72	437	361	-1
72	422	361	-1
72	407	361	-1
72	392	361	-1
72	377	361	-1
72	362	361	-1
72	347	361	-1
72	332	361	-1
72	317	361	-1
72	302	361	-1
72	287	10	6
72	272	10	6
72	257	10	6
72	242	10	6
72	227	10	6
72	212	10	6
72	197	10	6
72	182	10	6
72	167	10	6
72	152	10	6
72	137	10	6
72	122	10	6
72	107	10	6
72	92	10	6
72	77	10	6
72	62	10	6
72	47	10	6
72	32	10	6
72	17	10	6
72	2	10	6
72	-12	10	6
72	-27	10	6
72	-42	10	6
72	-57	10	6
72	-72	10	6
72	-87	10	6
72	-102	10	6
72	-117	10	6
72	-132	10	6
72	-147	10	6
72	-162	10	6
72	-177	10	6
72	-192	10	6
72	-207	10	6
72	-222	10	6
72	-237	10	6
72	-252	10	6
72	-267	10	6
72	-282	10	6
72	-297	361	-1
72	-312	361	-1
72	-327	361	-1
72	-342	361	-1
72	-357	361	-1
72	-372	361	-1
72	-387	361	-1
72	-402	361	-1
72	-417	361	-1
72	-432	361	-1
72	-447	361	-1
72	-462	361	-1
72	-477	361	-1
72	-492	361	-1
72	-507	361	-1
72	-522	361	-1
72	-537	361	-1
72	-552	361	-1
72	-567	361	-1
73	632	361	-1
73	617	361	-1
73	602	361	-1
73	587	361	-1
73	572	361	-1
73	557	361	-1
73	542	361	-1
73	527	361	-1
73	512	361	-1
73	497	361	-1
73	482	361	-1
73	467	361	-1
73	452	361	-1
73	437	361	-1
73	422	361	-1
73	407	361	-1
73	392	361	-1
73	377	361	-1
73	362	361	-1
73	347	361	-1
73	332	361	-1
73	317	361	-1
73	302	361	-1
73	287	10	6
73	272	10	6
73	257	10	6
73	242	10	6
73	227	10	6
73	212	10	6
73	197	10	6
73	182	10	6
73	167	10	6
73	152	10	6
73	137	10	6
73	122	10	6
73	107	10	6
73	92	10	6
73	77	10	6
73	62	10	6
73	47	10	6
73	32	10	6
73	17	10	6
73	2	10	6
73	-12	10	6
73	-27	10	6
73	-42	10	6
73	-57	10	6
73	-72	10	6
73	-87	10	6
73	-102	10	6
73	-117	10	6
73	-132	10	6
73	-147	10	6
73	-162	10	6
73	-177	10	6
73	-192	10	6
73	-207	10	6
73	-222	10	6
73	-237	10	6
73	-252	10	6
73	-267	10	6
73	-282	10	6
73	-297	361	-1
73	-312	361	-1
73	-327	361	-1
73	-342	361	-1
73	-357	361	-1
73	-372	361	-1
73	-387	361	-1
73	-402	361	-1
73	-417	361	-1
73	-432	361	-1
73	-447	361	-1
73	-462	361	-1
73	-477	361	-1
73	-492	361	-1
73	-507	361	-1
73	-522	361	-1
73	-537	361	-1
73	-552	361	-1
73	-567	361	-1
74	632	361	-1
74	617	361	-1
74	602	361	-1
74	587	361	-1
74	572	361	-1
74	557	361	-1
74	542	361	-1
74	527	361	-1
74	512	361	-1
74	497	361	-1
74	482	361	-1
74	467	361	-1
74	452	361	-1
74	437	361	-1
74	422	361	-1
74	407	361	-1
74	392	361	-1
74	377	361	-1
74	362	361	-1
74	347	361	-1
74	332	361	-1
74	317	361	-1
74	302	361	-1
74	287	10	6
74	272	10	6
74	257	10	6
74	242	10	6
74	227	10	6
74	212	10	6
74	197	10	6
74	182	10	6
74	167	10	6
74	152	10	6
74	137	10	6
74	122	10	6
74	107	10	6
74	92	10	6
74	77	10	6
74	62	10	6
74	47	10	6
74	32	10	6
74	17	10	6
74	2	10	6
74	-12	10	6
74	-27	10	6
74	-42	10	6
74	-57	10	6
74	-72	10	6
74	-87	10	6
74	-102	10	6
74	-117	10	6
74	-132	10	6
74	-147	10	6
74	-162	10	6
74	-177	10	6
74	-192	10	6
74	-207	10	6
74	-222	10	6
74	-237	10	6
74	-252	10	6
74	-267	10	6
74	-282	10	6
74	-297	361	-1
74	-312	361	-1
74	-327	361	-1
74	-342	361	-1
74	-357	361	-1
74	-372	361	-1
74	-387	361	-1
74	-402	361	-1
74	-417	361	-1
74	-432	361	-1
74	-447	361	-1
74	-462	361	-1
74	-477	361	-1
74	-492	361	-1
74	-507	361	-1
74	-522	361	-1
74	-537	361	-1
74	-552	361	-1
74	-567	361	-1
75	632	361	-1
75	617	361	-1
75	602	361	-1
75	587	361	-1
75	572	361	-1
75	557	361	-1
75	542	361	-1
75	527	361	-1
75	512	361	-1
75	497	361	-1
75	482	361	-1
75	467	361	-1
75	452	361	-1
75	437	361	-1
75	422	361	-1
75	407	361	-1
75	392	361	-1
75	377	361	-1
75	362	361	-1
75	347	361	-1
75	332	361	-1
75	317	361	-1
75	302	361	-1
75	287	10	6
75	272	9	6
75	257	9	6
75	242	10	6
75	227	10	6
75	212	10	8
75	197	10	8
75	182	10	6
75	167	10	6
75	152	10	6
75	137	10	6
75	122	10	6
75	107	10	6
75	92	10	8
75	77	10	6
75	62	10	6
75	47	10	6
75	32	10	6
75	17	10	6
75	2	9	6
75	-12	10	6
75	-27	10	6
75	-42	10	6
75	-57	10	6
75	-72	10	6
75	-87	10	6
75	-102	10	8
75	-117	10	6
75	-132	10	8
75	-147	10	6
75	-162	10	6
75	-177	10	6
75	-192	10	6
75	-207	10	6
75	-222	10	6
75	-237	10	6
75	-252	10	6
75	-267	10	6
75	-282	10	6
75	-297	361	-1
75	-312	361	-1
75	-327	361	-1
75	-342	361	-1
75	-357	361	-1
75	-372	361	-1
75	-387	361	-1
75	-402	361	-1
75	-417	361	-1
75	-432	361	-1
75	-447	361	-1
75	-462	361	-1
75	-477	361	-1
75	-492	361	-1
75	-507	361	-1
75	-522	361	-1
75	-537	361	-1
75	-552	361	-1
75	-567	361	-1
76	632	361	-1
76	617	361	-1
76	602	361	-1
76	587	361	-1
76	572	361	-1
76	557	361	-1
76	542	361	-1
76	527	361	-1
76	512	361	-1
76	497	361	-1
76	482	361	-1
76	467	361	-1
76	452	361	-1
76	437	361	-1
76	422	361	-1
76	407	361	-1
76	392	361	-1
76	377	361	-1
76	362	361	-1
76	347	361	-1
76	332	361	-1
76	317	361	-1
76	302	361	-1
76	287	7	6
76	272	9	8
76	257	7	8
76	242	8	8
76	227	7	8
76	212	9	8
76	197	9	7
76	182	9	6
76	167	7	8
76	152	10	6
76	137	7	8
76	122	7	8
76	107	7	8
76	92	10	6
76	77	7	7
76	62	9	8
76	47	7	8
76	32	7	8
76	17	7	8
76	2	9	8
76	-12	9	7
76	-27	7	6
76	-42	10	7
76	-57	9	8
76	-72	7	7
76	-87	9	8
76	-102	9	8
76	-117	9	8
76	-132	7	8
76	-147	7	8
76	-162	7	8
76	-177	7	8
76	-192	9	7
76	-207	7	6
76	-222	7	6
76	-237	9	8
76	-252	10	6
76	-267	9	7
76	-282	7	8
76	-297	361	-1
76	-312	361	-1
76	-327	361	-1
76	-342	361	-1
76	-357	361	-1
76	-372	361	-1
76	-387	361	-1
76	-402	361	-1
76	-417	361	-1
76	-432	361	-1
76	-447	361	-1
76	-462	361	-1
76	-477	361	-1
76	-492	361	-1
76	-507	361	-1
76	-522	361	-1
76	-537	361	-1
76	-552	361	-1
76	-567	361	-1
77	632	361	-1
77	617	361	-1
77	602	361	-1
77	587	361	-1
77	572	361	-1
77	557	361	-1
77	542	361	-1
77	527	361	-1
77	512	361	-1
77	497	361	-1
77	482	361	-1
77	467	361	-1
77	452	361	-1
77	437	361	-1
77	422	361	-1
77	407	361	-1
77	392	361	-1
77	377	361	-1
77	362	361	-1
77	347	361	-1
77	332	361	-1
77	317	361	-1
77	302	361	-1
77	287	7	7
77	272	7	8
77	257	7	8
77	242	7	8
77	227	7	8
77	212	7	8
77	197	7	8
77	182	7	8
77	167	7	8
77	152	7	8
77	137	7	8
77	122	7	8
77	107	7	8
77	92	7	8
77	77	7	8
77	62	7	8
77	47	7	8
77	32	7	8
77	17	7	8
77	2	7	8
77	-12	7	8
77	-27	7	8
77	-42	7	8
77	-57	7	8
77	-72	7	8
77	-87	7	8
77	-102	7	8
77	-117	7	8
77	-132	7	8
77	-147	7	8
77	-162	7	8
77	-177	7	8
77	-192	7	8
77	-207	7	8
77	-222	7	8
77	-237	7	8
77	-252	7	8
77	-267	7	8
77	-282	7	8
77	-297	361	-1
77	-312	361	-1
77	-327	361	-1
77	-342	361	-1
77	-357	361	-1
77	-372	361	-1
77	-387	361	-1
77	-402	361	-1
77	-417	361	-1
77	-432	361	-1
77	-447	361	-1
77	-462	361	-1
77	-477	361	-1
77	-492	361	-1
77	-507	361	-1
77	-522	361	-1
77	-537	361	-1
77	-552	361	-1
77	-567	361	-1
78	632	361	-1
78	617	361	-1
78	602	361	-1
78	587	361	-1
78	572	361	-1
78	557	361	-1
78	542	361	-1
78	527	361	-1
78	512	361	-1
78	497	361	-1
78	482	361	-1
78	467	361	-1
78	452	361	-1
78	437	361	-1
78	422	361	-1
78	407	361	-1
78	392	361	-1
78	377	361	-1
78	362	361	-1
78	347	361	-1
78	332	361	-1
78	317	361	-1
78	302	361	-1
78	287	7	7
78	272	7	8
78	257	7	8
78	242	7	8
78	227	7	8
78	212	7	8
78	197	7	8
78	182	7	8
78	167	7	8
78	152	7	8
78	137	7	8
78	122	7	8
78	107	7	8
78	92	7	8
78	77	7	8
78	62	7	8
78	47	7	8
78	32	7	8
78	17	7	8
78	2	7	8
78	-12	7	8
78	-27	7	8
78	-42	7	8
78	-57	7	8
78	-72	7	8
78	-87	7	8
78	-102	7	8
78	-117	7	8
78	-132	7	8
78	-147	7	8
78	-162	7	8
78	-177	7	8
78	-192	7	8
78	-207	7	8
78	-222	7	8
78	-237	7	8
78	-252	7	8
78	-267	7	8
78	-282	7	8
78	-297	361	-1
78	-312	361	-1
78	-327	361	-1
78	-342	361	-1
78	-357	361	-1
78	-372	361	-1
78	-387	361	-1
78	-402	361	-1
78	-417	361	-1
78	-432	361	-1
78	-447	361	-1
78	-462	361	-1
78	-477	361	-1
78	-492	361	-1
78	-507	361	-1
78	-522	361	-1
78	-537	361	-1
78	-552	361	-1
78	-567	361	-1
